003c67ec199f6a3f825c8f87715c4b11_image2
23
82 227 91 114 0.9997526 
393 549 11 13 0.06141634 
798 597 9 11 0.051742848 
494 71 10 12 0.034962106 
484 639 13 18 0.031405076 
757 430 9 11 0.031043628 
471 117 10 13 0.030458143 
750 485 8 11 0.027128942 
764 486 9 11 0.026529662 
753 494 8 12 0.024824396 
753 508 8 12 0.024814736 
815 444 9 11 0.024769358 
614 639 16 18 0.024148261 
758 495 8 10 0.023348574 
769 589 8 10 0.022584924 
464 78 9 11 0.02229556 
478 76 8 11 0.021962222 
765 493 8 10 0.021174205 
753 499 9 13 0.021095598 
767 504 8 10 0.021024143 
775 588 8 11 0.020665955 
653 644 14 16 0.02027871 
758 503 8 10 0.020239925 
