01f29a8ee8ab05edf79796c334f2f743_image2
192
244 405 159 194 0.99729496 
847 183 10 12 0.10327269 
765 173 11 13 0.08276363 
1199 600 8 10 0.07471448 
1232 567 8 10 0.06930989 
1183 584 8 9 0.06389192 
1271 599 9 10 0.06178499 
1170 631 8 10 0.0581294 
1184 607 8 11 0.057187196 
1174 631 8 10 0.054312043 
1225 677 9 11 0.051193547 
1208 672 9 9 0.050176032 
1237 591 8 10 0.04913052 
778 180 13 16 0.048446737 
1281 591 8 10 0.04817688 
1231 606 9 10 0.047092404 
1223 560 8 9 0.046653856 
756 246 14 17 0.045720067 
1279 606 7 9 0.045604628 
1238 607 8 9 0.04454498 
1281 575 7 9 0.04415294 
1198 622 8 10 0.04338085 
1186 612 9 11 0.043279305 
1214 608 8 10 0.04295547 
1213 671 8 10 0.042711686 
1184 590 8 9 0.042496826 
1208 661 9 11 0.042444438 
1304 576 7 8 0.04218561 
1173 637 8 10 0.04204122 
1249 622 9 11 0.042039562 
1199 616 9 10 0.0409129 
1206 623 10 10 0.039646294 
1199 581 9 10 0.03947433 
1221 633 9 11 0.03919278 
1280 647 8 9 0.037841402 
1210 535 8 11 0.03764405 
1167 584 8 10 0.037545055 
1233 590 9 10 0.03736112 
1249 576 8 9 0.03725294 
1193 600 7 8 0.03620977 
1236 566 9 11 0.035626203 
1216 575 8 10 0.035555128 
1190 637 9 10 0.035135742 
1158 623 9 10 0.034994137 
1278 599 8 10 0.034543633 
1200 566 7 8 0.03447305 
1272 606 9 9 0.034364097 
1237 629 10 12 0.03428806 
1185 671 8 10 0.034275886 
1310 607 7 10 0.03422721 
781 172 12 14 0.03409796 
1175 655 7 10 0.033990514 
1206 558 8 9 0.033806745 
1305 607 8 9 0.033379447 
1177 600 7 9 0.033174433 
1192 582 8 10 0.033015985 
1224 599 8 9 0.03285033 
1288 632 10 10 0.032452513 
644 246 13 17 0.032203153 
1262 608 8 9 0.032114435 
1136 668 8 10 0.032027915 
1169 638 9 9 0.03185282 
1135 663 9 11 0.03135097 
1216 631 10 11 0.031054866 
1192 685 10 11 0.030946052 
1177 605 9 11 0.030816427 
1175 567 8 10 0.030768028 
1222 575 8 10 0.030731643 
1304 601 8 9 0.03061574 
1255 591 8 10 0.030582968 
1224 686 9 10 0.030515565 
1183 632 7 10 0.030471273 
1208 656 9 11 0.030061381 
1168 590 8 9 0.029885657 
1207 702 8 10 0.02966371 
1319 622 8 10 0.029581612 
1302 624 10 10 0.029553045 
1248 567 8 9 0.029473249 
1248 581 8 10 0.02873705 
1217 559 7 9 0.028593753 
1279 622 9 11 0.02844311 
1183 600 7 9 0.028403446 
1231 573 9 10 0.028383175 
1193 550 8 10 0.028269961 
1312 588 9 11 0.028086716 
1182 655 8 9 0.027949275 
1248 608 7 8 0.027942095 
1192 576 8 10 0.027650414 
1287 600 8 9 0.027580256 
1182 561 8 10 0.027176064 
1175 670 9 10 0.0271197 
1214 613 9 9 0.027099837 
1255 630 9 10 0.02697017 
1168 655 8 10 0.026824057 
1136 617 8 9 0.026651826 
1201 559 8 10 0.026642723 
1223 672 10 11 0.026589181 
1230 686 9 11 0.026190536 
1288 606 8 10 0.026038563 
1280 583 9 10 0.026033469 
1201 591 8 9 0.025868459 
1295 607 7 9 0.025843909 
1312 584 9 10 0.025776947 
1182 565 8 10 0.025720537 
1250 655 9 10 0.025697457 
1270 561 8 10 0.025690215 
1207 677 9 11 0.025292894 
1214 711 9 10 0.025238566 
1175 573 8 10 0.025165299 
1224 616 8 9 0.025114281 
1232 584 9 10 0.02494466 
1190 608 7 11 0.024896562 
1237 615 8 10 0.024855407 
1246 639 9 12 0.024582386 
798 180 11 14 0.02454764 
1143 633 8 9 0.024485584 
1294 566 9 10 0.024457118 
1216 520 7 9 0.024411429 
1237 574 9 11 0.024356885 
1200 604 8 10 0.024348533 
1154 573 8 11 0.02430929 
1216 569 7 8 0.024177508 
1197 679 10 12 0.024115756 
1279 536 9 10 0.024046611 
1224 567 8 9 0.023971044 
1209 693 9 11 0.023827996 
1167 623 8 10 0.023808187 
1223 623 9 9 0.023737758 
1052 545 479 493 0.023661807 
1265 573 8 11 0.02350815 
1198 717 8 9 0.023047727 
1190 591 8 9 0.0229801 
1193 542 7 10 0.022904828 
1159 671 8 10 0.022629147 
1264 592 8 9 0.02260717 
1269 575 9 11 0.022566902 
1248 590 8 10 0.022480216 
1216 581 7 9 0.022471784 
1206 591 8 9 0.022359064 
1126 671 8 11 0.022353603 
1151 607 8 10 0.022340508 
1231 560 9 9 0.02232194 
1174 678 9 10 0.022312913 
1237 623 9 11 0.022288429 
1158 648 8 9 0.022232719 
1238 597 9 10 0.022210106 
1232 629 10 12 0.022140237 
1238 644 11 12 0.022139588 
1272 520 8 10 0.02213905 
1248 628 8 11 0.022134284 
1255 639 10 11 0.022087695 
1206 599 8 10 0.021880109 
1310 600 8 10 0.0218208 
1174 662 9 11 0.021783734 
1152 663 8 10 0.021752523 
1254 576 8 9 0.021710742 
1192 717 10 10 0.021690618 
1143 664 7 9 0.021626543 
1294 575 9 9 0.021615252 
1231 614 9 10 0.021557467 
1232 600 8 10 0.021519981 
1177 583 7 10 0.021438347 
1271 637 8 10 0.021412527 
1237 583 9 10 0.02138024 
1249 616 8 10 0.021367751 
1256 544 8 10 0.021330012 
1303 629 11 11 0.021318687 
1168 600 7 8 0.021297527 
1318 583 7 9 0.021281218 
1287 615 8 9 0.021264257 
1272 615 8 9 0.021224048 
1154 623 8 9 0.021100955 
1278 616 8 9 0.021071658 
1320 591 6 9 0.0210586 
1198 671 9 10 0.020941684 
1168 648 8 9 0.020938076 
1223 582 7 10 0.020883301 
1248 598 7 9 0.020852327 
1185 677 8 11 0.020796306 
1183 648 9 10 0.020756828 
1137 632 7 9 0.020714903 
1279 640 8 10 0.020693276 
1256 607 8 9 0.02069056 
1294 600 9 11 0.02065273 
1270 583 8 9 0.020642322 
1207 552 8 10 0.020459265 
1160 591 8 9 0.02026054 
1286 575 9 10 0.020195862 
1207 576 8 10 0.020182481 
1264 566 9 11 0.020167254 
1199 551 8 10 0.020080505 
1192 693 10 11 0.020073088 
