02d87adc1248159e4d17787a80679a51_image2
20
221 395 214 261 0.99996936 
571 279 15 20 0.048599076 
802 189 18 22 0.037764966 
577 588 17 22 0.037663646 
1294 621 9 11 0.027515616 
1295 589 9 11 0.026007015 
1352 590 8 10 0.024062432 
1257 564 10 11 0.023942124 
1416 591 10 11 0.023577306 
1342 589 8 11 0.022876099 
1272 573 9 11 0.022556739 
659 275 13 18 0.022288185 
1263 559 10 13 0.022230588 
1389 542 9 11 0.02194243 
1341 582 10 12 0.021849917 
1311 581 9 11 0.021736288 
1400 598 9 11 0.021684188 
1358 543 10 11 0.02162658 
1304 599 9 11 0.020981602 
1400 605 9 12 0.02084166 
