04981feaebe2e67dda9e3b61679226ea_ref_crop
23
303 375 321 438 0.9997166 
719 565 55 73 0.99858356 
2 648 21 29 0.0454284 
841 607 31 38 0.04423798 
840 945 34 38 0.039329596 
791 928 41 48 0.037630316 
688 363 20 23 0.027125653 
818 933 35 42 0.02628 
851 616 32 39 0.025974184 
807 928 59 65 0.024942424 
679 600 31 39 0.024826704 
783 615 38 49 0.024319043 
853 940 29 36 0.023838025 
939 586 20 30 0.02332187 
834 699 29 34 0.023021983 
107 144 28 36 0.023005595 
11 1023 34 49 0.02219781 
784 943 35 43 0.022117522 
818 863 30 39 0.021343973 
824 705 26 30 0.021273477 
818 593 37 42 0.021193378 
833 960 40 46 0.020976938 
873 966 36 49 0.020466497 
