074f5508466773c5aba646ba17961904_image2
20
181 331 148 213 0.97052133 
504 557 455 466 0.33603337 
231 91 53 61 0.14730154 
680 742 18 21 0.082027614 
698 77 17 18 0.07451644 
693 170 28 32 0.06696238 
334 346 499 527 0.0551918 
660 248 16 21 0.050967984 
351 75 18 20 0.04770725 
26 -37 365 443 0.04664353 
701 184 17 20 0.04339348 
596 186 16 22 0.040045142 
-22 691 205 337 0.03682495 
253 94 38 45 0.033510674 
238 166 15 17 0.027352722 
674 769 23 26 0.025894893 
178 657 30 29 0.025195513 
128 330 500 471 0.021080619 
674 174 25 30 0.020208709 
677 181 14 17 0.020022955 
