090ee3a36ecac80ac1f645ca8a30989e_image2
20
175 281 149 183 0.9990225 
1056 524 10 11 0.045766316 
1112 525 9 10 0.04165595 
1112 520 8 9 0.03689488 
692 634 14 17 0.031543147 
756 633 15 20 0.031318158 
1097 536 7 8 0.03076804 
1057 550 8 10 0.02838536 
1080 504 8 9 0.024392536 
1094 495 9 10 0.024251316 
1079 464 8 10 0.023447169 
632 147 14 16 0.022870919 
1064 511 8 10 0.022480171 
1047 471 8 10 0.021620143 
222 62 30 32 0.021583278 
247 54 10 13 0.021407343 
1040 469 9 12 0.021341303 
1106 503 7 9 0.021193778 
1049 455 8 11 0.020445284 
1081 422 9 11 0.020172408 
