0a292603db2cfa256a64b912f2082198_image2
163
155 290 136 166 0.99988186 
995 464 7 9 0.10119844 
979 574 8 10 0.07662916 
923 502 8 11 0.0736191 
985 440 7 8 0.06351405 
1034 438 8 10 0.058829784 
1023 448 7 9 0.057556733 
1031 422 8 9 0.05589071 
967 464 8 9 0.055536285 
938 495 9 10 0.055340286 
989 496 9 12 0.053196914 
970 524 9 10 0.052335877 
1017 448 7 9 0.051835854 
937 510 9 10 0.050925933 
983 479 9 9 0.050710574 
953 462 8 11 0.047882 
1005 479 9 10 0.047002625 
984 486 8 10 0.046115894 
975 424 8 10 0.045726385 
974 488 9 10 0.045333125 
999 457 7 9 0.045266673 
977 471 7 9 0.045252413 
921 496 8 9 0.044828914 
993 471 7 8 0.044348437 
952 448 7 9 0.044056047 
1033 433 7 9 0.04367379 
942 511 8 11 0.043247137 
1008 438 8 10 0.0426128 
983 473 8 9 0.042506248 
936 488 8 9 0.042485043 
958 502 8 10 0.041982852 
983 455 7 9 0.04161061 
1015 432 7 9 0.04133992 
1010 461 9 11 0.04131767 
969 431 8 9 0.041316528 
1001 480 9 10 0.041182928 
952 488 8 10 0.041104846 
958 455 8 9 0.040892877 
969 454 7 10 0.04085745 
974 446 8 9 0.04075385 
943 495 8 9 0.04073931 
914 573 10 11 0.038997207 
1058 424 8 9 0.0388308 
1009 457 8 9 0.037733044 
1038 439 7 10 0.037290744 
936 479 8 8 0.03702982 
1001 486 9 10 0.036489476 
970 446 8 10 0.035894305 
1023 432 7 9 0.034785114 
941 517 8 10 0.03455967 
968 487 9 11 0.03418018 
840 499 10 12 0.03345897 
1008 472 8 9 0.03330047 
952 535 7 8 0.03303301 
921 480 7 8 0.032969553 
942 661 16 18 0.032796424 
991 440 7 8 0.032532476 
943 545 7 9 0.032256823 
951 512 7 9 0.032206967 
959 495 8 10 0.031834092 
940 502 9 10 0.031652946 
953 528 8 10 0.031527065 
921 486 8 10 0.031429395 
953 456 8 10 0.031201288 
993 456 8 9 0.030775597 
974 503 8 9 0.030733407 
1040 415 7 9 0.030466035 
1033 454 8 10 0.030209523 
957 487 8 10 0.030044438 
975 455 7 9 0.029812265 
966 470 8 10 0.029807813 
975 510 7 9 0.029790716 
952 493 8 10 0.029696468 
879 541 9 11 0.029651403 
1013 437 8 10 0.02953098 
984 430 7 9 0.02930087 
1007 422 9 10 0.029152311 
1001 568 9 9 0.02903771 
1063 454 9 10 0.029033316 
1024 422 7 9 0.028545799 
1047 440 7 9 0.028496403 
1048 471 8 10 0.02847884 
999 432 7 9 0.028312566 
959 463 8 10 0.028168935 
1048 478 9 11 0.027995035 
1033 447 8 10 0.027971068 
985 513 8 9 0.027649924 
973 494 10 12 0.027626397 
936 461 9 11 0.027604366 
974 440 7 10 0.027237196 
959 480 8 9 0.027220648 
1040 432 7 10 0.027158394 
1000 424 8 9 0.027114272 
992 431 8 9 0.027015354 
968 495 8 9 0.026435751 
1002 447 7 8 0.02634954 
912 568 10 12 0.026326528 
990 479 8 10 0.026301604 
926 487 8 10 0.026224952 
1052 480 10 11 0.026216622 
1014 456 7 10 0.026192226 
1048 446 7 10 0.026072498 
952 470 8 10 0.025895495 
954 480 7 9 0.025834331 
1007 446 7 9 0.025735777 
1047 454 8 9 0.025577987 
854 462 9 11 0.02545166 
969 424 8 10 0.025242612 
1025 471 7 10 0.025152177 
959 519 8 10 0.024902798 
1016 422 8 10 0.024567239 
983 446 8 9 0.024392126 
951 543 7 9 0.024391294 
975 464 7 9 0.02436569 
969 440 7 9 0.023740908 
992 511 8 10 0.023614287 
1024 439 8 10 0.023568252 
1018 414 8 10 0.02324946 
966 575 8 10 0.023192745 
1009 433 9 10 0.023170339 
832 532 9 11 0.0231454 
999 470 8 9 0.023008836 
921 509 9 11 0.022893846 
1047 510 8 10 0.02288949 
944 447 7 8 0.022815729 
1007 416 8 10 0.022737598 
910 503 8 10 0.02254222 
983 425 8 10 0.022230895 
919 456 7 9 0.022190517 
1009 576 8 10 0.022183474 
881 470 9 10 0.022176336 
946 405 9 10 0.022016263 
1001 438 8 10 0.02199139 
406 426 383 471 0.021956477 
937 557 8 11 0.02184936 
990 488 9 9 0.021712817 
904 493 8 10 0.021635147 
921 441 8 9 0.021530738 
821 541 11 14 0.021484766 
1014 472 7 9 0.021474192 
1062 438 8 10 0.021374783 
903 486 8 10 0.021364179 
1062 500 10 12 0.021342728 
1046 431 8 9 0.021268582 
1032 479 9 10 0.02125993 
1058 429 8 11 0.021176215 
1024 454 7 9 0.021124158 
926 519 8 9 0.021099767 
991 447 8 8 0.021093993 
1014 488 7 8 0.021044692 
912 510 8 10 0.02089747 
960 511 8 9 0.020781973 
880 431 8 9 0.02076284 
985 500 10 11 0.020740978 
967 504 8 9 0.02059828 
1048 485 8 10 0.02058384 
894 421 8 10 0.020554652 
895 397 8 10 0.020406967 
967 510 8 10 0.020369677 
994 526 8 10 0.02034637 
1047 463 8 10 0.020255897 
863 456 8 9 0.020100046 
849 423 9 10 0.020018982 
