0a30af021a150b0079521e901b63aa27_image2
27
372 661 234 314 0.9996824 
1870 88 436 518 0.11716175 
332 861 433 435 0.07375058 
412 292 52 75 0.07226021 
1467 422 19 21 0.056596026 
29 967 458 453 0.046941604 
1125 321 22 27 0.042498067 
317 1193 486 564 0.04178865 
1565 939 497 498 0.03752831 
1067 642 15 17 0.036679376 
989 1202 411 544 0.036632176 
1025 328 15 18 0.0360858 
425 312 58 71 0.03511218 
1735 814 8 11 0.034127355 
1308 330 15 17 0.03321122 
1331 326 13 18 0.028737355 
1458 297 17 21 0.027892478 
1735 795 9 12 0.026082806 
1421 424 21 30 0.025649937 
75 1109 487 496 0.02442304 
193 911 231 293 0.023875179 
694 506 34 42 0.023517018 
1687 1257 506 446 0.022656087 
1747 795 12 15 0.022280468 
1768 789 9 11 0.021653729 
1910 814 10 14 0.021094508 
1080 1087 479 513 0.020286841 
