0b6319aad178e15359675e83904485ef_image2
192
375 309 187 228 0.99886405 
929 870 17 22 0.14242625 
261 539 508 420 0.12937488 
1336 511 7 10 0.094863385 
1344 512 8 10 0.08935563 
1346 495 8 10 0.08858905 
1350 518 8 9 0.08688163 
731 303 13 16 0.08400003 
1311 535 8 10 0.08260163 
1378 479 8 9 0.07876842 
895 226 15 18 0.06782153 
1383 485 8 10 0.06633863 
1345 479 8 9 0.06610549 
917 306 16 20 0.064940795 
1333 480 9 10 0.0641158 
1328 548 10 11 0.06367378 
1345 559 7 9 0.06212298 
1327 511 7 10 0.058130734 
1376 558 8 10 0.055500515 
807 305 14 17 0.055213664 
1344 439 8 10 0.05506175 
1345 462 8 10 0.054575283 
1361 512 7 9 0.052215353 
1360 487 7 8 0.051597655 
1345 517 8 10 0.050511792 
1361 582 8 10 0.050434686 
1320 511 8 9 0.050261606 
1330 568 8 9 0.048483524 
1306 535 8 10 0.04780754 
375 34 31 39 0.04684522 
1333 543 9 11 0.046745032 
1345 552 7 10 0.046700303 
1329 487 9 10 0.04620446 
1351 502 7 9 0.04601226 
1345 568 8 9 0.045839477 
1393 464 7 8 0.045687117 
1350 513 8 9 0.043786496 
1378 598 8 10 0.042483013 
1378 518 9 10 0.041343596 
1377 470 9 10 0.041129977 
1346 455 7 10 0.040515542 
1345 487 7 10 0.040492106 
1361 464 8 10 0.04029875 
1320 551 7 9 0.038668677 
1345 502 8 10 0.03862599 
886 374 10 14 0.038267724 
1304 528 8 8 0.03824774 
1328 447 10 11 0.038087353 
1392 560 8 10 0.03779209 
1272 560 8 9 0.03747845 
1384 446 7 10 0.03735595 
1265 542 9 11 0.03727241 
1333 550 9 10 0.036993876 
1361 433 7 8 0.036829643 
1378 512 8 9 0.036687754 
1394 494 9 11 0.036661677 
1361 470 9 10 0.036592517 
1337 504 7 9 0.03640034 
1320 518 7 10 0.036202904 
1282 551 8 9 0.036115535 
1369 561 7 8 0.03608341 
1361 527 7 9 0.035744548 
1326 494 9 10 0.03525754 
1320 470 8 10 0.035221357 
1366 512 8 9 0.03516683 
894 864 14 17 0.03462295 
1366 535 8 10 0.03445845 
425 540 287 266 0.034399718 
1368 433 8 8 0.03414551 
1369 496 8 10 0.034055598 
1294 566 9 10 0.033763364 
1303 513 8 9 0.03367693 
1359 560 9 10 0.033199705 
1359 504 7 9 0.033039834 
1330 559 8 10 0.032988545 
1344 470 8 10 0.032827083 
1333 446 9 11 0.03274419 
1333 463 9 10 0.03258071 
1377 591 8 10 0.03257754 
1349 479 9 10 0.03241379 
1311 448 9 10 0.032095015 
1270 537 8 9 0.03208083 
1377 464 7 9 0.03183451 
1375 497 9 10 0.03182316 
1328 590 9 10 0.031527862 
1287 542 8 10 0.031326585 
932 972 21 26 0.03130178 
1360 519 7 9 0.03128191 
1350 455 7 11 0.031104602 
1381 480 8 9 0.03104343 
1268 363 15 16 0.030899396 
1258 551 7 9 0.030667922 
1376 585 8 9 0.03029168 
1376 567 8 8 0.030270414 
1320 487 9 10 0.03024876 
1336 518 8 9 0.030166239 
1360 479 8 10 0.029377507 
1376 552 9 10 0.029276557 
1361 448 8 9 0.029169839 
1335 494 8 9 0.02889961 
1327 609 8 9 0.028445 
861 865 14 17 0.028388828 
1408 504 8 9 0.028244888 
1312 568 8 10 0.028181445 
1345 445 9 11 0.02805147 
1350 567 8 9 0.027758883 
1328 452 9 11 0.027732199 
1366 583 7 10 0.027721839 
1367 488 7 8 0.027625121 
1329 470 8 10 0.027522333 
1328 585 9 9 0.02752057 
335 28 41 47 0.027319133 
1350 487 8 9 0.026952336 
1349 446 9 11 0.026906485 
1382 494 7 10 0.026502902 
1376 440 7 8 0.026441233 
1378 485 7 9 0.026423482 
1296 513 8 9 0.026351394 
1392 433 7 8 0.026015688 
1290 567 8 9 0.026005112 
1151 221 13 18 0.025934858 
1329 464 8 10 0.02586921 
1126 97 17 19 0.025775138 
1318 535 8 11 0.025705809 
1312 550 8 10 0.025702417 
1343 535 8 9 0.025604598 
1391 534 7 9 0.025589837 
1319 504 9 10 0.025561282 
1336 574 8 9 0.025487298 
1039 970 15 20 0.025483973 
1400 473 7 9 0.025479998 
1362 439 6 8 0.025302637 
1311 519 8 9 0.025299273 
1310 527 8 9 0.025281794 
1350 461 8 11 0.025162144 
1381 592 8 10 0.025139825 
1327 518 8 9 0.024787035 
1013 300 14 17 0.024784524 
1334 559 8 10 0.02474658 
1369 502 8 10 0.024714619 
1295 543 8 10 0.024679432 
1383 441 8 9 0.02422214 
1343 574 8 9 0.023801772 
1319 464 7 10 0.023741215 
1303 568 8 9 0.023736732 
1377 526 9 9 0.023670005 
547 370 511 418 0.023617553 
1378 536 7 9 0.023568192 
1392 470 8 10 0.023413165 
1366 448 8 9 0.023389157 
1399 433 7 9 0.02336245 
1304 543 8 10 0.023329513 
1353 543 9 10 0.02330168 
1366 528 8 10 0.023161579 
1336 536 9 10 0.023149818 
1332 470 9 10 0.023085015 
1265 536 8 9 0.023052568 
1376 502 8 10 0.022855556 
1368 454 8 10 0.022827921 
1026 99 16 18 0.022722807 
1293 560 10 10 0.022661911 
1321 608 8 9 0.022604635 
1310 494 8 10 0.022529181 
1348 439 8 10 0.022526791 
1319 477 8 9 0.022266835 
1305 494 8 9 0.022160463 
1367 479 7 9 0.02209412 
1336 616 9 10 0.022042325 
354 42 35 33 0.021992454 
1366 464 7 9 0.021959864 
1279 536 8 9 0.021917475 
1382 503 7 10 0.021717321 
1336 527 8 10 0.02167305 
1311 542 8 10 0.021617077 
1407 560 8 9 0.021606376 
1344 591 8 9 0.02150623 
906 41 13 16 0.021344401 
1343 528 8 9 0.020907493 
1281 543 8 9 0.020837659 
1309 487 8 10 0.020802144 
1400 448 7 9 0.02075497 
1304 519 8 10 0.020732254 
1320 543 8 11 0.020730803 
1295 527 7 9 0.020721352 
1359 577 8 9 0.020699885 
362 49 39 42 0.02063231 
1296 551 8 9 0.020465415 
1329 527 8 9 0.020352267 
1326 502 8 10 0.020285496 
1360 494 7 10 0.02027444 
1303 551 8 9 0.02010543 
1360 535 8 10 0.020024836 
