0e001bda3ae3a4d58affb7b4614a125f_image2
43
290 260 124 165 0.99986506 
739 876 11 12 0.088980466 
548 851 11 13 0.060020626 
710 887 11 14 0.05227074 
568 847 8 9 0.04234672 
628 847 10 12 0.04115503 
736 872 11 14 0.041154835 
684 87 14 17 0.039652657 
750 892 13 15 0.037712187 
2 744 15 20 0.03437662 
696 844 11 12 0.03352105 
624 848 10 12 0.033508126 
653 853 10 12 0.033060413 
573 855 8 10 0.03148861 
741 884 12 14 0.03076268 
695 840 10 11 0.029680658 
740 854 12 13 0.029646194 
727 848 9 11 0.02950336 
647 854 11 13 0.027693171 
734 854 11 13 0.0273442 
696 878 11 13 0.02714202 
744 846 9 10 0.027024556 
671 839 11 12 0.02669555 
591 854 9 12 0.026671756 
669 842 15 17 0.026427973 
694 859 12 13 0.026136428 
710 847 10 11 0.02585498 
751 852 10 12 0.025693955 
734 848 9 10 0.02488383 
721 838 8 10 0.024647346 
575 847 8 9 0.02450754 
544 848 11 15 0.023799025 
615 847 9 12 0.023204412 
588 877 10 13 0.021980122 
639 845 10 11 0.021915834 
664 846 10 12 0.021665107 
557 846 10 13 0.021548616 
609 855 8 9 0.021417186 
727 878 10 13 0.020963458 
742 890 14 16 0.020838253 
756 898 13 14 0.020753747 
662 863 12 15 0.020619905 
651 206 11 14 0.020351404 
