0eca70b209a55ef9675dd6215eff79a0_image2
152
88 336 139 175 0.99948895 
1058 438 9 11 0.19277349 
1119 624 9 10 0.12288246 
1088 632 10 11 0.086581804 
1138 383 8 9 0.085133426 
1077 667 13 16 0.07518769 
1072 631 9 10 0.07329371 
1120 584 8 9 0.05923043 
1073 636 8 11 0.05410255 
1057 404 9 11 0.05209572 
1043 662 11 14 0.0496801 
492 96 9 11 0.048072435 
1071 654 8 10 0.047061127 
1126 667 11 13 0.04682767 
1160 390 8 10 0.04601526 
1035 432 9 11 0.045809172 
1073 623 8 11 0.045154966 
90 112 49 58 0.044118583 
1072 584 9 11 0.04339194 
1081 615 8 10 0.04267238 
1061 444 9 11 0.042495817 
1096 664 11 13 0.042034365 
1200 422 7 10 0.041616373 
1011 526 9 11 0.04089163 
1135 632 8 10 0.04087976 
1192 416 7 8 0.040256668 
1184 424 7 9 0.0400257 
1095 667 13 18 0.039836142 
1090 590 8 11 0.039390903 
1127 631 9 10 0.0392461 
1122 668 10 12 0.038946383 
1178 407 7 10 0.038891748 
1086 654 9 11 0.03869875 
1094 638 8 10 0.038643733 
1058 645 9 12 0.037187472 
1057 637 9 11 0.03675477 
1057 433 9 11 0.0360639 
1104 621 8 10 0.035996918 
1134 637 8 10 0.035929523 
1217 416 7 9 0.0358831 
1222 416 8 9 0.035565015 
1177 385 7 9 0.03493033 
1063 652 8 10 0.034915328 
1079 631 8 10 0.03467826 
1167 384 7 10 0.034662988 
1070 589 8 10 0.034000598 
1152 565 10 12 0.03375089 
1051 525 8 11 0.033682253 
1161 384 8 11 0.03329412 
1034 641 8 9 0.033214822 
1137 623 8 9 0.03280342 
774 113 12 16 0.032789093 
1200 416 8 10 0.032716483 
1118 565 9 10 0.032665644 
1048 429 8 11 0.032606527 
1167 592 9 11 0.031935602 
355 319 15 19 0.031729933 
1033 435 9 11 0.0316716 
1126 688 9 11 0.031561088 
1113 615 9 10 0.03154608 
1064 592 7 9 0.031344227 
1208 416 7 10 0.031222919 
1160 624 8 9 0.031026524 
945 432 9 11 0.030850567 
1112 527 8 10 0.030842178 
1130 438 9 11 0.030316304 
1071 455 9 11 0.030150311 
1090 559 8 10 0.030140553 
1079 638 8 10 0.030133473 
1017 422 9 10 0.029869366 
1086 608 8 10 0.029744148 
985 655 10 11 0.029595034 
1056 631 9 11 0.02940989 
1284 430 9 14 0.029075744 
1114 565 8 9 0.028451096 
1118 615 9 10 0.028123368 
1047 623 8 11 0.02808209 
509 126 10 13 0.027950706 
1097 608 8 9 0.027275193 
1114 629 8 9 0.027273964 
1114 621 9 12 0.027243298 
1058 607 8 11 0.027179997 
1086 445 9 11 0.026987981 
1176 662 9 11 0.026954988 
1081 608 8 10 0.02681302 
1120 687 10 12 0.026707396 
1088 622 9 11 0.026692022 
1160 647 9 10 0.026384652 
1113 446 8 9 0.026247801 
1088 575 8 10 0.026227547 
1085 615 9 10 0.025916807 
1023 440 8 10 0.025852926 
1079 622 9 11 0.02581793 
1064 454 9 11 0.025619676 
1134 496 11 14 0.025465745 
1167 624 8 9 0.025397088 
982 639 11 12 0.025376538 
1136 617 8 9 0.025373267 
998 431 8 10 0.025246961 
1136 566 9 10 0.025214024 
1033 454 9 10 0.025041694 
1118 520 9 11 0.025015574 
1010 447 8 10 0.024841359 
1152 384 8 10 0.024820572 
1047 446 9 10 0.024659557 
1154 572 9 11 0.024643878 
1061 631 10 12 0.02462748 
1138 558 9 10 0.024464479 
1126 614 9 10 0.024274815 
929 443 10 13 0.024269942 
1030 623 9 12 0.024062745 
1085 675 12 17 0.02391016 
1039 543 8 11 0.023812195 
1032 502 9 10 0.02363501 
928 439 9 12 0.023601511 
946 536 14 17 0.023527062 
962 663 9 11 0.023265123 
1143 623 8 10 0.023234667 
506 100 10 14 0.023097096 
1127 584 8 9 0.023042932 
1136 574 9 10 0.022735463 
1137 551 8 9 0.022668455 
1144 400 8 9 0.022597784 
1183 385 7 9 0.022510514 
1137 378 9 9 0.022408618 
1177 400 7 8 0.022322187 
1056 455 8 10 0.022265287 
1096 533 9 11 0.022215737 
1073 460 8 10 0.022127679 
1071 599 8 9 0.022061018 
986 525 8 11 0.0219155 
1145 643 10 12 0.021512782 
1002 463 7 9 0.021464465 
1056 591 9 11 0.021449588 
932 439 12 13 0.02116879 
1119 461 8 10 0.02104466 
1189 652 12 14 0.02091352 
1129 574 8 10 0.020895177 
1057 583 9 10 0.020875383 
750 109 11 15 0.020873658 
1041 667 10 13 0.020791478 
1102 639 8 11 0.020782374 
1160 655 8 10 0.020719817 
1129 637 10 11 0.020640682 
1153 390 7 10 0.020521417 
1103 608 8 9 0.020458605 
1079 503 8 10 0.0203278 
1024 454 8 9 0.020299572 
1199 407 7 9 0.020217799 
1062 461 9 10 0.020184422 
392 800 8 10 0.020176904 
998 645 11 12 0.020043813 
