0ecda553ca09b2357291bb3b6bd18a66_image2
19
128 253 106 127 0.99961793 
964 -3 29 24 0.041912366 
171 101 43 50 0.038263917 
839 405 8 10 0.032554787 
637 616 16 19 0.02846888 
784 407 7 9 0.028439015 
783 440 8 9 0.028411845 
832 407 8 9 0.025881443 
815 423 7 8 0.02560964 
783 455 9 10 0.02530575 
831 438 7 9 0.024265788 
807 432 7 8 0.023133824 
798 464 8 9 0.023067342 
1062 380 19 34 0.02304985 
799 468 8 9 0.021984406 
156 106 39 53 0.021439292 
799 405 9 10 0.02124432 
793 463 8 9 0.021167763 
841 430 8 10 0.020426905 
