1177cf15df3c818d07126c1654da468c_image2
20
154 237 169 239 0.9980564 
616 6 26 34 0.3385436 
581 167 15 20 0.24713916 
490 168 15 21 0.15192832 
635 168 16 22 0.11373727 
706 9 26 35 0.093703546 
545 168 16 21 0.07677836 
610 165 21 28 0.062815115 
540 711 14 17 0.05644263 
465 411 16 22 0.045461178 
517 171 13 17 0.04139477 
666 10 25 31 0.039538525 
550 353 13 17 0.03768717 
491 473 15 19 0.033010278 
223 105 52 66 0.032814734 
463 470 15 18 0.025191193 
708 290 13 17 0.02358193 
266 1 14 14 0.021789696 
672 17 15 18 0.02153137 
498 713 16 18 0.021149665 
