1239b5cd18f6aec5bcdd44af0a8b277e_image2
21
164 225 143 194 0.99918264 
57 652 18 19 0.07570486 
214 690 11 14 0.0524104 
424 677 9 11 0.036577597 
205 735 10 12 0.036016103 
204 741 13 15 0.03584457 
1 110 28 64 0.033598993 
230 739 15 17 0.03008912 
542 704 11 13 0.028499482 
102 128 28 30 0.02848904 
510 190 11 14 0.026925582 
219 689 13 15 0.024728157 
186 672 8 9 0.024501562 
478 726 9 10 0.024295624 
216 717 10 12 0.024053965 
532 722 12 14 0.022979714 
209 691 12 15 0.02293154 
232 695 12 14 0.022336302 
222 716 11 13 0.02209724 
0 424 18 38 0.020603927 
206 700 10 12 0.02034823 
