12915fd07db34f26abca6727454d5b7f_image2
21
199 381 147 199 0.98762673 
632 93 8 11 0.079320185 
752 86 7 10 0.07905339 
705 87 8 10 0.04674094 
174 5 27 34 0.03486352 
690 88 8 11 0.0345676 
690 79 8 9 0.03123554 
706 80 7 9 0.029387202 
223 208 385 557 0.02934022 
688 73 7 8 0.02702789 
100 689 143 188 0.02579971 
766 86 7 10 0.025576739 
612 87 10 11 0.025461001 
721 80 8 10 0.025124615 
598 98 9 12 0.024932254 
726 86 7 9 0.024498425 
760 460 11 14 0.024479166 
753 72 8 10 0.02280772 
745 87 6 9 0.022303574 
165 780 14 16 0.02160684 
597 83 9 11 0.021574035 
