18934d4ffccafe27cbd7adf19a0f21aa_image2
21
236 297 134 171 0.99959785 
458 817 51 50 0.07701488 
657 867 46 48 0.06764204 
609 48 21 27 0.06367495 
655 50 21 29 0.06283651 
729 835 43 47 0.05514271 
231 876 40 40 0.035019252 
0 795 35 72 0.034483004 
272 849 51 55 0.03271405 
375 863 56 50 0.031858165 
473 872 31 39 0.028849658 
429 756 191 185 0.028187184 
705 843 46 54 0.026813354 
529 824 60 64 0.026238786 
462 837 59 55 0.025178712 
34 184 37 46 0.024301806 
217 860 49 48 0.02367926 
686 854 34 45 0.022464924 
296 851 39 47 0.021828005 
515 801 103 102 0.021687545 
4 816 41 84 0.020373788 
