19e21069afee7d953e027323c82da87a_ref_crop
20
150 211 566 821 0.9992888 
135 62 20 27 0.07292771 
38 146 19 26 0.059194963 
100 130 18 24 0.05427115 
70 153 19 23 0.052597705 
796 14 32 34 0.048529852 
45 184 20 25 0.04472831 
35 130 23 29 0.039948523 
26 9 26 32 0.038021244 
-2 29 17 27 0.03776751 
30 105 28 35 0.037217014 
803 50 24 28 0.03562733 
13 154 17 23 0.035233136 
100 119 18 24 0.033754002 
770 46 18 24 0.0329154 
28 21 27 34 0.03228866 
35 72 20 25 0.030749472 
134 189 20 27 0.028096667 
124 186 19 26 0.027789792 
771 0 23 23 0.02041152 
