1a1fa3dda0b7ab2b8772ccaa9d5ab2ae_image2
26
241 337 117 153 0.999877 
434 45 9 11 0.05369117 
472 30 7 9 0.04739119 
448 16 8 9 0.041118547 
498 16 7 9 0.036643907 
452 30 10 12 0.034631208 
463 16 7 9 0.033889454 
479 31 7 9 0.032741074 
434 39 8 10 0.028500596 
465 22 7 9 0.028151628 
472 23 7 10 0.027342495 
433 31 9 10 0.027067944 
653 201 13 16 0.026776051 
449 35 9 11 0.025944764 
453 24 8 9 0.024885274 
504 5 8 9 0.02487726 
633 24 7 10 0.024209298 
705 23 7 9 0.023367528 
721 23 7 9 0.022911042 
313 812 25 28 0.022718022 
465 31 8 10 0.022511637 
488 24 7 10 0.022357803 
392 17 7 8 0.021912307 
502 16 8 10 0.02129293 
721 16 7 9 0.02057202 
480 39 8 9 0.020110456 
