1aab7e1140ef362c1a0ed0d677826d6e_image2
50
281 272 104 139 0.999728 
96 370 12 13 0.05234529 
39 383 8 10 0.041069634 
115 567 12 14 0.038541622 
56 405 10 12 0.032843646 
93 398 10 12 0.031736717 
537 684 9 11 0.029048644 
377 663 8 10 0.02849791 
360 649 8 10 0.028353782 
382 662 9 10 0.028080333 
377 655 9 10 0.02734443 
365 654 8 10 0.027156323 
609 657 7 9 0.026610926 
109 627 13 15 0.026563054 
366 649 9 11 0.026541168 
63 415 10 11 0.026390553 
506 711 8 9 0.02602414 
360 655 9 10 0.025536723 
46 451 10 13 0.025495075 
39 530 13 15 0.025330238 
95 518 11 11 0.024977876 
429 693 10 12 0.024772793 
552 696 8 9 0.024395632 
414 655 9 9 0.023600718 
78 558 11 13 0.023262568 
360 692 9 12 0.02320742 
278 697 9 11 0.02308237 
71 398 10 11 0.023020415 
351 678 10 11 0.023018256 
95 557 11 13 0.022975342 
368 693 9 11 0.022568202 
136 564 11 13 0.022371847 
352 672 8 10 0.022153072 
311 709 10 12 0.022043832 
272 710 10 12 0.022018943 
104 526 11 13 0.021582574 
520 694 8 10 0.021413868 
77 445 11 12 0.021281522 
297 702 8 9 0.021235198 
368 680 8 9 0.021124177 
58 398 10 13 0.02100272 
360 669 8 11 0.020998757 
359 688 8 10 0.020901363 
369 702 8 10 0.020864367 
70 548 14 15 0.020409469 
326 687 10 10 0.020396365 
385 711 9 10 0.020353582 
70 374 9 12 0.020112252 
358 700 10 13 0.020105973 
16 383 9 10 0.020101078 
