1aafb6ebb5fc939513fe3e275b56bee2_image2
28
230 411 130 186 0.9987845 
289 163 12 14 0.112162456 
313 168 9 12 0.07815717 
1185 584 7 9 0.06417543 
262 167 10 11 0.045194887 
1209 750 8 11 0.04054936 
1241 775 8 10 0.03718556 
1181 750 9 11 0.03396674 
1200 758 8 9 0.0322867 
734 264 14 16 0.031092959 
1248 767 8 9 0.030066013 
1168 734 9 11 0.02810534 
316 172 9 12 0.027855447 
1215 733 9 11 0.027762752 
1250 759 9 10 0.027054261 
1168 709 9 12 0.024958856 
1200 751 8 11 0.023149056 
1168 688 8 10 0.022695614 
998 655 503 478 0.022607801 
1158 605 10 11 0.022126848 
1109 579 11 13 0.022102162 
277 140 11 14 0.021834707 
1186 638 8 11 0.02167317 
280 158 9 11 0.021304002 
1157 752 10 10 0.020951547 
279 166 9 11 0.020727452 
1209 734 8 10 0.020560421 
1230 765 8 10 0.020485379 
