1b2bf21ea4eceae462412a266e0004ed_image2
49
181 349 152 184 0.99554425 
1166 563 9 12 0.04311823 
1135 542 10 12 0.039997894 
1225 609 7 8 0.036746856 
433 614 12 13 0.033331517 
1217 623 7 9 0.03327422 
1177 544 8 9 0.033087503 
1225 575 7 10 0.032006264 
1215 551 7 10 0.029636804 
432 619 13 16 0.029526245 
1151 542 9 11 0.029259734 
1225 559 8 9 0.028097007 
291 100 11 13 0.027898157 
1206 614 8 9 0.02765564 
1151 629 11 12 0.027571497 
735 831 16 18 0.02740648 
1185 590 8 10 0.02737354 
1209 543 8 9 0.027130881 
1225 599 8 9 0.026851855 
580 203 23 25 0.026117338 
1208 608 8 9 0.025951797 
1079 598 7 10 0.025879528 
1184 655 9 10 0.023956891 
1247 624 9 11 0.023939399 
1168 600 8 9 0.023400566 
1223 614 8 9 0.023263272 
1241 583 8 9 0.023002895 
1208 576 8 9 0.02236156 
1256 536 7 9 0.022202544 
1145 526 9 11 0.021913756 
1210 551 7 9 0.02184405 
1240 577 8 8 0.021723792 
1224 553 7 8 0.02171149 
1144 583 9 10 0.02168195 
1153 637 10 11 0.021673242 
1184 638 8 10 0.021564245 
1175 600 8 9 0.021459332 
1199 583 9 9 0.02140376 
1161 566 9 10 0.021245062 
86 289 15 19 0.02121909 
1130 542 9 12 0.021113588 
1192 616 8 10 0.020857174 
1149 534 10 12 0.020776609 
1183 536 8 10 0.02061687 
1231 575 7 9 0.020608641 
1183 584 8 9 0.020556282 
1225 591 8 9 0.020457394 
1248 535 6 8 0.020202827 
1185 517 9 10 0.020122413 
