1b6bd7df3235a7d56c46f6cb66732e11_image2
30
132 222 115 140 0.9999552 
94 5 13 16 0.098232016 
299 8 13 16 0.076543435 
205 16 9 10 0.066764 
58 6 9 11 0.061025605 
6 470 8 11 0.053896945 
309 437 13 18 0.049008593 
167 14 8 11 0.037971593 
131 6 14 16 0.03714693 
101 12 11 13 0.03627461 
189 6 10 10 0.03443853 
231 7 10 11 0.032578595 
42 284 9 12 0.03181008 
36 176 11 15 0.031057136 
74 19 12 14 0.030947918 
125 3 22 26 0.030621804 
262 5 13 14 0.030621653 
8 279 8 12 0.02868034 
2 470 8 11 0.026824191 
13 253 8 10 0.026210252 
22 163 10 13 0.024766019 
1 524 8 14 0.024298482 
0 149 8 11 0.024239969 
-1 237 6 12 0.023424316 
176 5 9 10 0.023335224 
16 222 9 12 0.022574719 
126 2 12 12 0.02240843 
207 19 9 11 0.022107726 
225 6 10 11 0.020571804 
9 222 8 11 0.020396795 
