1c59b10f06bd8a0b9554b12fd35df8d9_image2
60
277 309 120 163 0.99989784 
1209 639 10 12 0.08602544 
1194 639 9 11 0.070819154 
1254 517 9 10 0.056786794 
1166 631 10 12 0.049523633 
1175 596 10 12 0.04943703 
1208 592 9 10 0.047395054 
1182 655 7 10 0.045382358 
1208 565 10 12 0.043594196 
1194 644 9 11 0.041774962 
642 144 13 16 0.04117077 
1217 526 10 13 0.037299033 
1173 590 11 13 0.036010433 
1182 647 8 9 0.035010904 
1134 566 9 11 0.034773905 
1184 630 9 11 0.03450541 
1144 524 9 11 0.033294026 
1185 621 9 11 0.03318855 
1150 524 9 10 0.03236233 
742 152 12 15 0.031717733 
1158 573 9 11 0.030743435 
1197 615 9 11 0.029955765 
1216 532 10 11 0.02971098 
1183 640 8 10 0.029643476 
1190 566 9 11 0.029513001 
1191 621 9 11 0.029241329 
1192 631 8 11 0.028906323 
1207 495 10 12 0.02806705 
1183 560 10 12 0.0276441 
1160 552 9 11 0.027379178 
1208 597 10 12 0.027288752 
1263 501 8 11 0.02704801 
1198 631 8 10 0.027000606 
1146 558 9 10 0.02695396 
1130 535 8 10 0.026918566 
1177 647 8 9 0.026247028 
1184 615 9 12 0.025663968 
1184 707 12 14 0.02552745 
1214 655 8 11 0.02523283 
1174 621 9 11 0.025159992 
1258 501 8 10 0.024771294 
1200 543 10 11 0.024235127 
1153 540 9 11 0.024009082 
1191 615 9 12 0.023945859 
1209 656 9 11 0.02370453 
1208 632 10 11 0.023494005 
1209 662 8 10 0.023154149 
1177 655 8 10 0.022675259 
1101 525 8 10 0.022612317 
1134 588 9 12 0.022137275 
1197 621 9 11 0.022083096 
344 116 10 14 0.021812426 
1285 639 11 13 0.021808602 
1158 647 8 10 0.021802722 
1167 655 8 10 0.02125877 
741 220 16 17 0.020849694 
1151 639 9 11 0.02072604 
866 155 9 13 0.020385979 
680 -28 110 120 0.02027192 
1230 612 13 16 0.02001452 
