1cb107a40c83660ec3a2b540a41ee4e1_image2
40
316 477 278 346 0.9967225 
986 453 14 17 0.70931363 
1060 293 16 22 0.52583605 
1015 451 13 16 0.35403073 
962 368 17 21 0.2581693 
962 447 17 21 0.24828558 
818 368 15 18 0.09182285 
946 743 13 17 0.089570895 
819 455 14 15 0.089109294 
800 1201 13 17 0.080456525 
941 31 30 36 0.06842317 
1067 453 16 18 0.06348452 
925 367 14 17 0.060152177 
1035 446 15 18 0.05786316 
950 294 14 19 0.05400873 
997 369 16 18 0.05067505 
1032 451 12 17 0.043915685 
860 453 17 21 0.04194951 
1020 456 12 16 0.039510828 
366 75 58 76 0.037985206 
836 454 12 15 0.03630259 
1004 459 12 15 0.034230947 
814 293 12 15 0.03322526 
901 745 13 16 0.03073718 
879 1002 56 50 0.02960625 
830 455 13 16 0.028916357 
933 45 11 14 0.028770072 
1093 451 9 15 0.028387843 
922 282 16 19 0.027174626 
995 453 12 16 0.026007142 
1028 282 24 27 0.025504349 
1074 456 13 16 0.02547611 
966 297 12 14 0.025276303 
318 524 173 218 0.024237392 
1008 453 12 16 0.023508674 
1084 354 15 20 0.023323197 
990 808 10 11 0.022033816 
804 57 32 34 0.020373188 
891 64 14 18 0.020292081 
931 38 30 34 0.020115739 
