1db2ba5901de06dd370b09bd48b4b034_image2
45
324 278 134 190 0.9985324 
612 871 11 14 0.06444465 
380 682 14 16 0.04754441 
462 885 11 14 0.04233004 
415 887 9 11 0.04202278 
629 885 12 14 0.038541287 
624 887 9 11 0.038029768 
640 853 7 10 0.034448568 
639 883 10 13 0.03424934 
488 870 10 12 0.033129085 
512 879 9 10 0.032487687 
630 853 10 12 0.031955197 
488 877 9 11 0.031896293 
607 894 9 11 0.03092992 
647 880 8 10 0.030715613 
415 861 9 11 0.030012079 
605 887 11 12 0.02908759 
501 884 9 12 0.027536472 
544 871 11 13 0.02730521 
695 843 10 13 0.026942316 
656 862 8 10 0.02597883 
673 862 9 11 0.025443882 
496 879 8 11 0.025320306 
629 892 10 11 0.024905443 
640 895 10 12 0.024692321 
592 871 9 11 0.024608282 
431 870 9 11 0.024276312 
662 862 8 10 0.024235051 
645 884 9 12 0.023872722 
640 871 9 11 0.0234158 
472 870 9 10 0.023301354 
527 870 9 11 0.02294782 
695 862 9 10 0.022484347 
453 871 9 11 0.022266652 
600 887 9 11 0.022021398 
438 871 9 11 0.021754691 
448 875 10 12 0.021754056 
517 878 9 11 0.021705346 
470 879 9 11 0.021478152 
549 876 10 13 0.021364212 
527 862 9 11 0.021063425 
672 870 9 11 0.020853532 
535 870 9 12 0.020610258 
623 870 9 12 0.020519117 
648 846 9 12 0.020314105 
