1f628e75f5e514f532554a8ff3238c09_image2
19
177 319 152 192 0.9984049 
739 775 17 21 0.32136753 
496 773 22 27 0.09833565 
616 774 22 27 0.09668911 
748 155 16 16 0.06295747 
842 540 16 20 0.03444138 
225 168 51 71 0.030520726 
540 774 17 20 0.028817106 
850 78 11 13 0.028502716 
820 774 17 20 0.028340744 
587 486 13 16 0.027566595 
661 422 13 16 0.027129544 
834 140 24 29 0.026041305 
0 -3 29 26 0.025577934 
739 785 20 27 0.025297455 
507 365 13 15 0.024461942 
571 470 17 20 0.022089854 
781 151 14 18 0.020811494 
622 156 15 16 0.020001538 
