2a8c5e75de025bcf0dd266ebd5e88f1e_image2
18
223 412 193 266 0.99978095 
596 262 15 17 0.098127335 
324 48 26 30 0.07855403 
700 260 14 18 0.062105224 
351 864 25 28 0.051278222 
898 259 17 21 0.04197474 
668 24 14 18 0.029477526 
912 43 24 30 0.027772361 
1081 680 7 9 0.025589364 
72 702 26 33 0.025476176 
609 635 11 13 0.0254696 
269 167 14 17 0.024315683 
1074 559 8 10 0.023031652 
1087 679 7 9 0.022783134 
1098 606 8 10 0.02242683 
547 261 14 18 0.021467581 
1088 695 7 9 0.02126378 
244 180 12 15 0.020663312 
