2aa01d7eee9aa8d4445c3b62f1bfa05d_image2
57
292 328 156 222 0.99817634 
1286 545 12 16 0.08822 
123 492 551 454 0.070894994 
1239 606 10 11 0.05631632 
804 245 15 18 0.04851548 
828 186 12 15 0.048488017 
1253 582 10 11 0.045842554 
1240 612 9 11 0.045095213 
1235 589 11 12 0.044812303 
1247 588 9 11 0.04210234 
1268 51 193 230 0.041483145 
1269 575 9 12 0.039507527 
1233 584 10 11 0.03908592 
1253 576 9 10 0.039038345 
1267 557 11 14 0.039031908 
1237 599 10 12 0.038711745 
1248 583 9 11 0.036232688 
1246 548 10 13 0.033127066 
1284 591 9 11 0.032594558 
1211 619 11 13 0.032437857 
1287 555 10 13 0.031872656 
1231 567 10 10 0.030428013 
1165 591 8 10 0.030016813 
1374 582 9 11 0.029861433 
1367 581 9 11 0.0298557 
1247 599 8 11 0.029846217 
1133 598 9 11 0.028971398 
1161 622 7 9 0.028734135 
1247 557 9 11 0.027489837 
1287 573 9 12 0.027386189 
1265 565 9 11 0.02717416 
1230 605 10 11 0.027133908 
1174 614 8 10 0.02695417 
1269 581 9 12 0.026703997 
1269 622 10 12 0.026236687 
1280 592 9 11 0.025304954 
1280 598 9 11 0.024064297 
1144 607 8 10 0.023624547 
1365 566 9 12 0.023612725 
1287 566 9 11 0.023233635 
1254 588 10 11 0.02311575 
1174 598 8 10 0.023090152 
1143 600 7 10 0.023089325 
1286 622 10 12 0.02248306 
1280 575 9 10 0.022255164 
1249 621 9 11 0.022177257 
1254 615 9 11 0.022124587 
1270 589 8 11 0.022058902 
1231 646 8 10 0.021839326 
876 188 11 15 0.021779051 
700 244 13 16 0.021288484 
1215 567 7 10 0.021220816 
1255 567 8 10 0.020888276 
1230 669 10 12 0.020784255 
1324 539 11 13 0.02066135 
1216 575 9 10 0.020340357 
1310 575 8 10 0.020202624 
