2ac447d6ae45f66a4b555371d9153cf0_image2
181
234 273 123 177 0.9993261 
774 53 10 12 0.23630555 
803 68 14 17 0.1844758 
756 70 11 14 0.1756644 
759 51 10 13 0.11501393 
729 126 15 18 0.113075905 
1143 488 8 9 0.1076425 
695 46 13 16 0.10492161 
1140 503 9 11 0.096275166 
822 67 9 12 0.08819145 
1136 453 9 11 0.084683985 
1121 470 8 10 0.080421835 
1124 464 9 11 0.078051776 
1136 475 10 12 0.075359605 
1127 479 8 10 0.07195196 
1140 471 10 11 0.070177965 
1106 431 8 11 0.0687983 
1160 463 8 10 0.06451767 
619 122 16 20 0.06395747 
693 62 12 14 0.061761037 
1143 463 7 9 0.061504707 
1111 480 9 10 0.060170114 
1182 463 7 9 0.05837524 
1153 447 9 10 0.058346704 
863 60 14 19 0.05669376 
1158 455 8 9 0.0554467 
767 52 12 13 0.054785013 
1136 496 8 10 0.054243635 
1073 453 8 9 0.053801145 
1153 453 8 11 0.05370021 
847 56 11 12 0.052196495 
1113 415 7 10 0.052185606 
1144 518 9 11 0.05108966 
1126 510 9 11 0.05082869 
1193 455 7 9 0.05039958 
1183 423 7 10 0.049728546 
1167 447 8 9 0.049421415 
1136 448 10 11 0.04900308 
1141 454 9 11 0.048797276 
1182 455 7 9 0.04344736 
1140 445 10 12 0.04314532 
1119 613 11 13 0.04243655 
1193 429 8 10 0.04240478 
1095 420 8 10 0.041381862 
1120 486 8 10 0.041343275 
1153 439 8 11 0.04119357 
1130 403 11 12 0.03989647 
1105 437 8 11 0.039821688 
915 77 15 17 0.03944978 
660 63 10 13 0.039443426 
1217 431 7 10 0.03942494 
1137 487 9 10 0.03904474 
1151 463 8 10 0.03832867 
1245 422 9 10 0.03829633 
1138 462 8 9 0.038215622 
663 49 10 13 0.038071293 
1157 447 10 11 0.038029585 
1112 447 8 10 0.037874717 
678 49 11 14 0.037676796 
1145 424 9 11 0.03751171 
1118 479 8 10 0.036869746 
1151 505 8 10 0.03666044 
1182 447 8 10 0.035972383 
1077 454 8 10 0.035862386 
1192 447 7 9 0.035701208 
1142 495 9 10 0.035562597 
1089 449 7 10 0.035349768 
1192 439 8 10 0.035162814 
1141 440 10 12 0.034721717 
1176 447 8 10 0.03459698 
1200 448 7 8 0.034328 
1193 423 8 10 0.03432613 
1165 463 9 10 0.03386904 
1150 488 7 9 0.033680376 
1149 520 9 10 0.03353697 
1159 480 9 10 0.03353666 
1097 462 8 10 0.033496603 
1109 461 10 11 0.033390123 
1159 404 8 10 0.03201657 
1125 486 9 11 0.03187223 
1082 541 8 10 0.031510457 
1128 432 9 10 0.03094457 
1160 494 9 9 0.030675927 
688 45 19 24 0.030458244 
1153 510 8 9 0.030374581 
1079 449 7 10 0.030331053 
846 68 11 14 0.030248782 
1103 460 9 12 0.030237908 
1134 424 9 9 0.029844502 
1178 454 8 10 0.029675521 
1152 479 8 9 0.02956247 
852 59 12 16 0.02949554 
1182 439 8 10 0.029286202 
1126 495 9 11 0.02903032 
1197 431 8 9 0.028949473 
1072 431 8 10 0.028835926 
815 68 12 15 0.028788066 
1137 510 9 11 0.028612087 
1173 431 10 11 0.028607076 
1129 390 8 9 0.02840721 
1110 438 8 10 0.02836104 
1112 472 8 10 0.028355861 
1173 471 9 10 0.028102126 
1159 469 8 10 0.027978102 
1087 511 9 10 0.027863078 
1121 493 8 10 0.027812492 
1143 389 9 12 0.02771636 
725 47 11 13 0.02771488 
1226 446 8 10 0.027708245 
1105 526 8 10 0.02752809 
1120 455 7 9 0.02728543 
1071 438 8 10 0.027244601 
1150 429 10 11 0.0271686 
1126 438 9 10 0.0267714 
790 61 11 14 0.026663624 
1118 398 7 11 0.026020957 
1110 527 8 10 0.025557993 
1207 440 9 10 0.025482371 
763 47 18 23 0.025424402 
1198 462 9 11 0.025394911 
710 55 9 11 0.025334189 
1057 456 7 10 0.025112461 
1152 471 8 9 0.025099466 
1096 455 8 10 0.024802405 
1076 495 9 10 0.024781719 
1080 438 8 9 0.024311123 
1070 448 10 11 0.02430193 
1127 454 9 11 0.024246646 
1103 415 8 11 0.024229225 
1117 415 9 11 0.024219833 
1207 423 8 10 0.024175186 
1118 438 9 11 0.0240382 
1177 462 8 10 0.023945926 
1181 431 8 9 0.023776729 
1169 439 7 9 0.023272319 
822 55 11 14 0.02313806 
1150 495 8 9 0.02307993 
1112 485 8 9 0.022924112 
817 62 12 14 0.022870375 
687 48 12 15 0.022776397 
712 62 10 14 0.022718163 
1103 511 9 9 0.022673398 
1078 383 8 10 0.022621458 
1224 439 8 10 0.022570657 
1231 437 9 11 0.022517186 
1175 424 9 10 0.022480816 
1158 510 8 10 0.022460748 
1170 430 9 10 0.022445101 
1144 526 10 12 0.022322075 
1215 438 7 10 0.022184547 
1112 399 8 10 0.02214446 
1094 509 7 10 0.022138588 
1127 423 8 10 0.022074243 
1080 396 9 12 0.022022443 
1223 424 7 9 0.02195324 
1072 471 8 9 0.021904476 
1110 511 8 9 0.021764982 
1223 431 7 10 0.02173066 
1089 422 8 9 0.021728767 
1198 455 8 9 0.021516709 
1073 495 8 11 0.021429654 
1183 469 9 10 0.021198185 
1153 407 9 10 0.02114937 
1200 439 8 10 0.021115081 
1118 447 8 11 0.021050805 
1176 487 8 10 0.0209612 
1174 511 8 11 0.020916255 
1120 422 9 11 0.020847421 
1232 455 7 9 0.020843003 
1133 412 10 12 0.020823743 
1175 438 9 10 0.020808132 
1096 471 7 10 0.020714222 
1199 470 9 10 0.020522956 
1125 543 9 10 0.020429196 
1167 471 10 11 0.020327667 
1102 487 8 10 0.020277927 
1157 440 9 9 0.020138558 
1133 431 9 10 0.020101672 
1103 520 9 11 0.020100592 
262 60 44 51 0.020080443 
1104 384 8 9 0.020065112 
