2af074815a26fca84c68c08067988de1_image2
51
226 373 113 129 0.9998543 
1048 568 9 10 0.083248876 
1054 584 7 9 0.064024694 
1048 573 9 10 0.051672608 
1065 573 8 10 0.05078849 
179 143 29 33 0.047677293 
1030 596 10 12 0.045586787 
1080 591 7 9 0.044975486 
1053 574 8 10 0.03852598 
1048 589 8 10 0.037103195 
1052 567 9 10 0.036443833 
1022 541 10 11 0.03564957 
1062 599 8 10 0.033307385 
1038 575 8 11 0.032184396 
1063 591 8 10 0.031743236 
1057 600 9 10 0.031692933 
1048 543 8 9 0.031592265 
1095 540 9 12 0.031074213 
1062 606 7 9 0.02846325 
1030 566 8 11 0.028361093 
1048 582 9 12 0.02830813 
1008 623 10 12 0.027595233 
1013 558 9 10 0.02737942 
1094 598 8 10 0.02659486 
1094 605 8 10 0.026267841 
1022 607 9 10 0.026193887 
1033 575 9 9 0.025821956 
128 13 480 464 0.025189225 
1061 637 9 11 0.024126578 
1063 583 8 9 0.023993846 
1063 615 8 10 0.023710523 
810 33 452 564 0.023477554 
1055 589 8 10 0.02328495 
1040 541 8 10 0.0232748 
1040 606 9 10 0.022869635 
1024 591 9 11 0.02285218 
1103 620 10 11 0.022630772 
1054 560 8 10 0.022538071 
1073 607 7 9 0.022473577 
1048 615 9 10 0.022021728 
1071 591 8 9 0.021660518 
1062 552 8 9 0.021516277 
978 591 9 10 0.021414617 
991 566 9 11 0.021324027 
1031 639 9 11 0.021202467 
1031 558 8 11 0.020812001 
462 202 14 16 0.020768404 
158 146 16 20 0.020653993 
1070 568 9 11 0.020618752 
1079 608 7 9 0.020088743 
1063 558 8 10 0.020047918 
