2b80b435b742b3eace1ce875508e2545_image2
43
332 363 137 192 0.9992066 
167 308 29 38 0.12646745 
483 826 14 17 0.06444535 
58 370 14 19 0.062997654 
493 830 11 13 0.062668405 
44 877 12 14 0.0561446 
551 858 11 14 0.05336988 
549 838 13 16 0.05085008 
0 865 13 19 0.046935227 
67 828 15 19 0.04521301 
52 351 11 13 0.042330857 
43 400 14 18 0.041471027 
159 442 32 39 0.041213397 
16 346 13 17 0.040180426 
435 833 13 17 0.03995322 
615 807 10 14 0.03847935 
13 354 13 16 0.03794623 
471 819 22 28 0.03604204 
37 833 14 16 0.032915156 
442 819 16 19 0.031120792 
623 853 9 12 0.029472413 
7 356 13 15 0.029287154 
161 366 39 46 0.027783623 
603 826 15 19 0.027385058 
151 314 41 47 0.025577165 
-26 708 99 131 0.024551528 
653 805 11 14 0.024164267 
564 806 16 19 0.023897812 
545 836 12 15 0.023484824 
599 860 10 14 0.023313321 
430 830 14 18 0.023148535 
8 829 12 16 0.023100108 
485 823 22 26 0.023051307 
146 256 30 33 0.02279999 
525 822 12 16 0.022788381 
599 856 8 11 0.022548473 
590 837 12 16 0.022518853 
295 746 42 52 0.02114282 
78 859 14 17 0.020737773 
548 811 12 16 0.0206675 
566 842 12 14 0.02055304 
499 828 13 16 0.020192122 
605 863 11 13 0.020177215 
