2be339affc11756e3064d07fcaa3441e_image2
167
132 294 104 138 0.9998242 
880 422 10 13 0.42072666 
863 415 9 12 0.17093901 
896 375 11 12 0.128504 
884 374 10 11 0.10771319 
850 367 8 10 0.10565059 
908 405 10 12 0.10088157 
886 406 9 11 0.09897524 
848 406 9 10 0.098418094 
834 366 8 10 0.09163101 
880 372 10 12 0.08564111 
823 431 9 11 0.08457745 
894 424 9 10 0.07808699 
865 407 9 10 0.07756628 
882 446 9 11 0.07370148 
865 400 9 11 0.073281564 
847 422 9 11 0.07282436 
849 400 9 11 0.07259583 
895 428 9 11 0.07149212 
878 416 10 12 0.07102649 
854 431 8 9 0.063403405 
837 419 11 13 0.0626475 
878 333 8 11 0.062534176 
898 343 8 10 0.06177263 
873 383 9 11 0.060235262 
912 391 8 10 0.057250597 
836 390 10 12 0.056472853 
896 392 10 11 0.055000693 
908 400 10 11 0.054875676 
833 407 9 11 0.05392017 
880 407 10 11 0.05370274 
845 414 9 11 0.05286435 
169 99 39 52 0.050825536 
895 414 8 10 0.05038011 
895 397 9 11 0.050326735 
874 332 8 11 0.049679622 
880 352 7 9 0.049395975 
885 367 10 11 0.048758097 
847 374 9 11 0.048014764 
909 424 8 10 0.04696344 
917 383 8 10 0.04692906 
902 392 8 10 0.046876736 
918 390 8 10 0.046146754 
823 375 8 11 0.046118427 
855 423 7 10 0.046110425 
877 381 10 12 0.045865692 
944 407 8 11 0.04583517 
895 407 7 11 0.045782316 
839 382 9 11 0.04563199 
817 376 8 10 0.04552839 
863 360 9 10 0.044723716 
897 366 10 11 0.044302974 
904 399 10 11 0.04368949 
896 359 9 11 0.042989124 
833 420 9 12 0.0412396 
927 374 8 10 0.04101915 
841 350 8 10 0.039841242 
933 405 9 11 0.039611954 
840 376 9 10 0.038986165 
898 380 11 13 0.038938083 
818 382 8 10 0.038606137 
871 391 9 10 0.0385386 
926 400 9 11 0.038490187 
878 510 12 16 0.03781827 
953 357 8 10 0.03780323 
878 390 9 10 0.037773952 
796 397 9 12 0.03649397 
861 372 10 12 0.036292084 
924 366 9 11 0.0361834 
847 382 8 10 0.035996534 
912 374 8 10 0.035748307 
864 439 7 9 0.035484545 
833 415 9 12 0.035484146 
862 366 9 11 0.035451144 
886 380 9 12 0.035383623 
905 411 10 12 0.035289623 
850 429 7 10 0.035239108 
920 399 9 11 0.03517257 
863 428 9 11 0.034886234 
958 358 8 10 0.03440597 
802 435 12 14 0.034281205 
969 421 10 12 0.034248542 
815 406 10 12 0.033873405 
855 439 8 9 0.033837434 
854 367 9 11 0.03383139 
885 454 9 12 0.03373379 
839 408 9 11 0.033147383 
855 383 9 11 0.03304627 
920 405 8 11 0.033013284 
960 366 8 10 0.032842815 
887 352 8 9 0.032261692 
832 396 9 12 0.03219345 
934 424 8 10 0.03218724 
872 353 8 9 0.032175053 
853 405 8 10 0.031592023 
942 367 9 11 0.031543262 
927 382 8 10 0.030645935 
860 342 9 11 0.029402222 
880 440 9 11 0.02938481 
862 392 8 10 0.029174719 
967 375 8 9 0.029148953 
944 400 8 9 0.028987315 
976 382 8 9 0.028558886 
855 390 9 11 0.028482739 
802 367 10 11 0.028382242 
886 414 9 11 0.028324367 
869 406 9 11 0.028229658 
917 351 9 11 0.027904654 
837 439 10 12 0.02779954 
928 424 8 9 0.027484171 
951 389 8 11 0.027303953 
897 445 8 11 0.027161483 
888 358 9 10 0.027112195 
886 400 9 11 0.026826363 
928 344 7 8 0.02659913 
800 384 8 10 0.026560921 
936 390 9 10 0.026509795 
822 382 8 10 0.026492782 
944 413 9 10 0.026410613 
918 374 9 10 0.026193429 
814 399 10 12 0.026153542 
960 333 8 10 0.026039343 
886 440 10 12 0.025945269 
886 461 8 10 0.02576413 
879 358 8 10 0.025746968 
922 446 8 10 0.025593719 
920 358 9 11 0.02555012 
860 381 10 12 0.02522158 
960 391 9 9 0.025211217 
976 365 8 10 0.024942616 
937 351 8 9 0.024862178 
857 415 7 11 0.024704687 
838 397 9 11 0.024538841 
861 335 8 11 0.024422107 
911 431 9 10 0.024207348 
925 360 8 10 0.023606306 
950 399 8 10 0.023580778 
886 392 9 10 0.023558643 
943 375 8 10 0.023412911 
821 398 9 11 0.023305617 
958 352 8 10 0.023248443 
880 463 8 10 0.023008311 
806 383 8 10 0.022832597 
566 86 9 12 0.022674102 
951 383 9 11 0.022505796 
960 374 8 10 0.022386765 
817 447 9 11 0.022386542 
830 431 8 10 0.02223579 
873 373 8 12 0.022199923 
884 428 11 12 0.02206214 
863 350 8 10 0.021993093 
818 334 9 12 0.021901973 
870 414 10 11 0.021872971 
140 103 28 43 0.021848572 
838 455 8 10 0.021462154 
950 375 9 10 0.021413952 
497 90 12 16 0.021340577 
856 360 8 11 0.021164265 
791 391 11 12 0.020975566 
869 439 8 10 0.020928558 
874 428 8 12 0.020775516 
889 344 7 9 0.02074934 
855 455 9 10 0.02061613 
935 358 8 10 0.020586666 
831 384 9 11 0.020330459 
872 357 8 11 0.020223668 
815 412 12 14 0.02014467 
