2e1daa87964b020dfd92c69ac3dfad91_image2
23
223 290 177 229 0.9996871 
635 111 14 18 0.09345315 
817 98 13 15 0.07447122 
631 103 24 30 0.052396715 
631 102 12 14 0.049223434 
1112 596 9 10 0.039958283 
1071 567 9 10 0.03865957 
274 87 27 40 0.034914404 
1118 598 7 9 0.033436127 
243 80 36 45 0.03058014 
1098 551 8 10 0.029939635 
1120 608 8 9 0.028952666 
1105 592 7 9 0.027282763 
1127 608 7 9 0.025721062 
695 415 11 12 0.023845593 
154 356 386 499 0.02352899 
1112 567 7 9 0.02266499 
1112 583 7 9 0.022588484 
1105 567 7 10 0.022219433 
747 609 25 29 0.020988135 
1065 607 7 9 0.020621786 
1130 590 9 10 0.020595111 
1133 584 9 9 0.02025595 
