2f2bbb3fef8fa31fd09238614fdad07d_image2
40
193 348 145 172 0.99869967 
-29 353 433 526 0.079305045 
605 651 15 16 0.06881586 
1136 447 10 12 0.06760555 
1134 398 10 12 0.05030554 
1137 430 9 11 0.05015613 
1118 386 12 14 0.046183206 
1111 556 10 12 0.04489458 
75 414 22 27 0.043518275 
1123 438 11 12 0.038307533 
1124 424 10 12 0.034324992 
1120 568 9 10 0.032640558 
1119 455 10 13 0.029976204 
1119 428 12 14 0.029890424 
1127 406 9 11 0.029849635 
678 651 15 16 0.028415885 
1120 397 9 11 0.028033223 
1090 505 13 17 0.027577993 
1143 424 10 11 0.027484732 
1106 388 8 11 0.026381368 
1100 414 11 14 0.025255334 
1128 398 9 12 0.024626313 
1120 508 9 11 0.024444368 
224 106 38 40 0.02371327 
1073 406 9 11 0.023543477 
678 675 14 16 0.022743428 
516 653 16 18 0.022658547 
1134 437 11 13 0.022484887 
253 44 11 13 0.022194562 
1105 384 8 10 0.021683749 
1111 408 8 11 0.021617282 
1148 387 11 14 0.021613674 
1145 564 9 11 0.021599183 
452 567 415 417 0.020810494 
1086 445 10 12 0.020808045 
1096 361 8 10 0.020447694 
1092 556 10 12 0.020299174 
1110 388 10 13 0.020224802 
229 44 11 14 0.020218339 
1111 541 8 10 0.0201101 
