2f9b4a776bed5da03ac3310b918d1157_image2
19
175 322 171 222 0.99928856 
1051 473 447 544 0.067734115 
95 442 418 461 0.055895746 
1305 486 9 12 0.033582367 
851 771 19 25 0.03342075 
1314 455 8 10 0.03299352 
1309 488 9 11 0.03176552 
867 194 13 15 0.03023512 
1345 488 8 10 0.029261421 
771 195 16 19 0.026435446 
1328 464 8 11 0.026241304 
805 195 13 17 0.02512353 
1304 465 8 9 0.024465699 
972 190 15 15 0.023861567 
1346 470 9 11 0.023146803 
1189 548 15 18 0.021658637 
1258 471 14 17 0.020979416 
1262 484 10 13 0.020958135 
1350 472 9 10 0.020239713 
