3422c7a7d1c76faa81e3876706b108bd_image2
26
342 446 187 239 0.99207073 
734 897 374 436 0.13633713 
715 912 18 18 0.12783973 
379 73 65 85 0.090554565 
876 909 18 21 0.09040961 
757 226 362 495 0.077478595 
596 456 384 531 0.069366634 
758 373 15 17 0.06515464 
870 917 29 32 0.06496058 
322 -50 410 477 0.06477325 
765 932 25 28 0.059029836 
350 51 108 145 0.051684685 
605 18 429 491 0.03956938 
849 374 16 18 0.036092974 
833 906 12 15 0.03594209 
787 373 15 17 0.03284766 
725 267 12 13 0.030065568 
872 933 27 31 0.028958116 
1064 928 25 29 0.027008636 
346 82 488 617 0.026518881 
813 293 12 14 0.025576124 
819 369 14 17 0.021652907 
952 556 16 18 0.021450087 
477 900 386 489 0.021205753 
300 25 184 243 0.020924082 
366 49 63 86 0.020176241 
