3ac733377fb6bc110adc998454101b5e_image2
25
261 454 165 255 0.9955787 
291 249 73 72 0.12298118 
736 594 15 17 0.08240611 
-27 653 422 485 0.079342335 
997 104 16 20 0.075049825 
645 415 15 18 0.06471301 
16 813 268 374 0.061763372 
240 23 84 98 0.052379794 
269 586 360 426 0.049281713 
280 145 59 75 0.04640006 
402 761 94 138 0.043859605 
795 411 15 18 0.039610986 
852 594 13 16 0.03832236 
135 847 431 451 0.03353825 
990 408 15 17 0.033261582 
1080 403 15 18 0.03322466 
315 507 128 149 0.031169338 
271 174 90 123 0.030471934 
465 597 580 491 0.030357542 
229 -75 381 511 0.030271659 
781 113 17 20 0.02943968 
284 16 86 106 0.026543718 
1065 495 17 21 0.02416791 
338 741 217 240 0.020630242 
264 121 51 68 0.020347608 
