3ad51da365941451d3731eb7438adb36_image2
131
192 268 122 162 0.99983776 
629 193 17 19 0.113212556 
692 141 11 15 0.07743375 
1029 485 9 10 0.0680036 
651 142 9 12 0.06674734 
1074 504 8 10 0.059329413 
774 850 15 17 0.059013706 
1089 495 9 10 0.05613859 
1041 495 9 10 0.054630943 
1056 504 8 9 0.050960463 
1040 503 9 11 0.050320014 
1280 644 12 18 0.048541725 
1055 463 7 9 0.047523446 
1057 510 9 10 0.046098214 
1106 503 8 9 0.045312013 
976 558 7 9 0.044915643 
708 143 9 11 0.044438295 
1021 463 9 10 0.04403043 
1088 501 9 10 0.043376748 
1077 504 9 10 0.042504612 
1049 464 7 8 0.042293012 
991 495 7 10 0.04229018 
666 139 11 14 0.042135816 
1046 504 8 9 0.04126327 
1026 524 9 11 0.04107632 
1041 486 8 10 0.040489152 
1020 470 9 11 0.040102813 
1023 496 9 11 0.039937623 
1080 465 8 10 0.039731048 
989 568 8 10 0.03783887 
1016 479 8 10 0.037613608 
1055 486 8 9 0.037326083 
995 461 9 10 0.036873404 
1063 464 8 8 0.03684949 
1017 511 7 10 0.035887785 
1098 471 7 9 0.035475004 
1001 487 7 9 0.033798255 
1024 479 9 11 0.03376404 
1006 501 9 11 0.0333782 
1001 494 9 11 0.032316033 
1103 461 8 10 0.032122996 
1001 501 9 11 0.03141947 
601 144 8 11 0.031384476 
1015 535 8 11 0.031002808 
1040 480 8 10 0.030686365 
1093 487 8 10 0.029974664 
1023 512 8 10 0.029548708 
1005 471 9 10 0.029447945 
1008 598 8 10 0.029365448 
1080 488 7 9 0.029322613 
1064 471 8 10 0.029056348 
1016 496 8 10 0.029051442 
1071 479 7 9 0.029044813 
986 479 7 9 0.028786868 
1022 577 9 10 0.0284683 
1024 519 10 12 0.028432371 
650 147 11 13 0.028376622 
1040 508 9 11 0.028293565 
1008 519 8 10 0.02824794 
1000 558 8 10 0.027868183 
1104 479 8 11 0.0277156 
1024 600 7 8 0.027538735 
1089 488 8 10 0.027534572 
1023 501 9 10 0.027477011 
1105 486 9 10 0.027344156 
1016 502 8 10 0.026964363 
1040 580 10 11 0.026917875 
1007 488 7 10 0.026914164 
1039 520 7 8 0.026405578 
1007 527 8 10 0.0262763 
1007 511 9 10 0.02623496 
1015 518 8 10 0.026166879 
1057 576 8 10 0.02614503 
1039 456 7 9 0.02601407 
1008 478 7 9 0.025914 
1009 535 8 10 0.025908351 
1039 576 9 10 0.02569735 
1015 486 7 10 0.025655326 
990 573 8 10 0.02550069 
359 549 26 29 0.025196128 
1001 510 9 10 0.02498949 
1032 462 7 9 0.024910713 
1088 509 8 10 0.02486852 
667 132 11 15 0.024635283 
1030 502 8 10 0.024634365 
1021 582 9 11 0.024383588 
1048 470 8 9 0.024334984 
993 527 8 9 0.024111334 
1015 527 8 9 0.023875285 
242 101 16 18 0.023787845 
1094 511 8 9 0.023782313 
1029 495 9 11 0.023781614 
967 519 7 9 0.023677707 
1040 463 7 8 0.02353036 
982 472 8 10 0.023494152 
1047 508 8 10 0.023454264 
1058 526 8 10 0.023310086 
1110 486 8 10 0.023244685 
992 480 8 10 0.022895599 
1061 503 8 10 0.022675155 
1110 510 8 9 0.022589022 
960 487 7 8 0.0225696 
1105 495 8 11 0.022532959 
999 607 8 10 0.022249186 
998 479 8 9 0.022228444 
1039 471 8 9 0.02218707 
1070 494 8 10 0.021996314 
998 591 9 10 0.021921039 
1031 614 8 10 0.021813601 
1046 487 8 10 0.021776682 
1065 477 8 10 0.021662861 
975 615 8 9 0.021638194 
1064 534 7 9 0.021637589 
1073 519 8 10 0.021612851 
1033 592 7 9 0.021605477 
1096 480 8 9 0.021587849 
1048 448 8 9 0.021413818 
1097 463 7 9 0.02126884 
1018 575 8 10 0.0212373 
999 566 9 10 0.021229463 
461 188 24 27 0.021136949 
1017 591 8 9 0.02104211 
1072 463 8 10 0.02086346 
1056 480 7 9 0.020855745 
1017 556 10 11 0.020733586 
969 557 8 10 0.02071292 
1016 566 9 10 0.020308398 
1046 527 8 9 0.020274572 
1088 480 8 9 0.020271711 
1071 487 8 10 0.020240312 
1102 457 8 10 0.020169146 
