3b33a3afec3675ca95ee7f88fcebe6b7_image2
22
224 390 147 208 0.9958734 
977 160 12 16 0.09460942 
260 245 58 69 0.07031434 
1284 696 15 18 0.047764145 
653 150 13 17 0.037800156 
939 162 11 14 0.034760054 
1241 645 10 11 0.031943224 
1020 236 19 21 0.028968247 
1168 536 8 9 0.02713924 
1212 629 10 12 0.026098995 
1211 574 9 12 0.024588378 
820 234 14 16 0.023962427 
1202 524 10 13 0.023849344 
1217 644 10 12 0.023546262 
1152 518 8 10 0.022422284 
1144 584 7 10 0.021232156 
1240 569 11 14 0.021220313 
1247 571 10 13 0.021097146 
1011 527 14 18 0.020882023 
1138 526 7 9 0.020807056 
1032 156 12 17 0.020340867 
1201 519 10 12 0.020226019 
