3c4c8e303ef26ee3d6360fdb4c2ab6d7_image2
138
149 337 152 207 0.9933333 
634 181 16 18 0.1312358 
1248 659 8 11 0.12980612 
458 266 16 21 0.12511928 
723 97 25 30 0.1104835 
624 95 23 31 0.099832915 
1323 703 8 9 0.08582417 
862 100 26 30 0.07981727 
454 531 17 23 0.07637641 
1338 728 8 9 0.07426693 
1308 688 10 11 0.07354226 
1301 512 9 12 0.072670855 
1338 684 9 13 0.0726619 
-40 337 511 434 0.07200981 
1258 516 9 11 0.063322134 
1283 519 11 13 0.06285115 
550 471 13 17 0.0625722 
1206 540 9 12 0.05794583 
1231 512 8 9 0.053847082 
609 266 18 22 0.051617842 
1314 640 8 9 0.051027928 
559 531 17 22 0.050833292 
1238 519 8 10 0.04955706 
1215 525 8 11 0.04948271 
1249 503 8 9 0.0493846 
1261 513 10 12 0.048855893 
1216 543 8 11 0.04622744 
1254 504 7 9 0.044240966 
484 472 14 18 0.04393513 
1326 687 9 11 0.043806314 
482 530 18 25 0.04260415 
770 181 16 19 0.042513225 
684 106 16 19 0.04195712 
1241 720 8 10 0.041152947 
550 267 15 20 0.03961298 
1309 669 10 12 0.039289363 
1294 661 8 11 0.039000623 
980 180 14 16 0.037868436 
1312 710 8 9 0.03775767 
1232 681 7 8 0.037426483 
1238 494 8 11 0.03657089 
1264 648 9 10 0.03656066 
1264 623 7 9 0.03569739 
1246 519 8 11 0.035660606 
1249 509 7 10 0.03557617 
1287 687 8 9 0.035546325 
1240 527 8 9 0.034994956 
1321 695 9 11 0.03491153 
1335 709 8 10 0.03307804 
1099 499 521 473 0.032718617 
1280 624 7 9 0.032534048 
1215 511 8 10 0.032083113 
177 191 52 56 0.031973887 
1257 512 8 10 0.031930145 
1339 679 12 14 0.03172304 
1232 528 8 9 0.031608988 
1305 671 9 11 0.031588327 
1280 503 7 9 0.031456318 
1305 655 8 10 0.03098885 
1318 719 7 9 0.030639384 
1232 710 8 10 0.030454589 
1233 495 8 10 0.030265069 
1305 710 7 9 0.030033084 
1261 527 10 11 0.02983746 
1263 677 8 10 0.029332938 
1296 695 8 9 0.02815287 
1190 497 12 14 0.028135942 
1328 657 7 8 0.027994506 
1234 518 8 10 0.027687972 
1253 655 10 13 0.027518783 
1247 639 8 10 0.027400205 
1233 454 7 10 0.027393619 
1360 679 7 9 0.027361652 
1238 512 7 10 0.027207054 
1293 639 9 11 0.02696576 
1216 623 8 10 0.026936915 
1312 646 8 10 0.026931966 
1208 511 8 9 0.026673563 
1288 496 7 9 0.026094908 
1351 672 8 10 0.025979262 
1297 535 9 12 0.025917636 
514 265 14 20 0.025865166 
1240 542 10 12 0.025647007 
1367 668 9 11 0.02557886 
1310 678 10 11 0.025565766 
1338 691 8 11 0.025553707 
1312 664 8 9 0.02527882 
1240 672 8 9 0.024858635 
1222 543 8 11 0.02470263 
1294 655 8 10 0.024686642 
949 786 15 17 0.024570892 
1287 704 9 9 0.02451816 
1273 502 8 10 0.024360867 
1305 693 9 10 0.024298845 
1232 694 7 10 0.024109825 
1271 511 8 11 0.023983113 
1230 501 8 11 0.023655 
1223 526 8 9 0.023616903 
1297 541 8 11 0.023556866 
1353 655 8 10 0.023551108 
1222 470 9 10 0.023388283 
1320 736 8 9 0.023005515 
916 101 21 26 0.022991642 
1204 535 10 13 0.02293489 
522 531 18 23 0.022929676 
1310 655 8 10 0.022876812 
1272 615 7 9 0.022719441 
1280 523 11 12 0.022694955 
1262 653 12 14 0.02260699 
1204 454 9 11 0.022590745 
1026 184 17 20 0.022589833 
1248 646 8 10 0.022405107 
1230 534 8 10 0.022221766 
1239 592 8 10 0.022193663 
1309 703 8 10 0.022094592 
1265 493 8 10 0.022029234 
1296 670 8 11 0.022019504 
1305 704 7 9 0.021914624 
1242 724 8 11 0.021661518 
1318 711 7 9 0.021407444 
1231 704 9 11 0.021235317 
1271 495 7 10 0.021187566 
1182 454 8 9 0.021063343 
454 404 16 20 0.021045823 
1297 516 10 13 0.020925978 
1264 687 8 10 0.020902274 
1224 551 8 9 0.020837847 
1334 657 8 9 0.020718256 
1240 702 8 10 0.02066721 
1264 488 8 10 0.020665653 
1305 719 7 9 0.020630788 
1285 511 10 11 0.020626904 
1236 632 9 11 0.020608835 
1201 540 10 13 0.020574415 
1248 668 8 11 0.020392183 
1376 671 8 10 0.020309256 
1240 696 8 9 0.02007278 
1255 631 8 10 0.020056827 
