3c996798b576ccc41d7feaf1c99c6555_image2
212
146 391 218 310 0.99915457 
925 134 14 17 0.6511364 
1295 616 9 10 0.1447832 
754 132 12 16 0.11919214 
1278 558 8 10 0.109266065 
1248 569 7 10 0.10705895 
1289 590 7 9 0.10354662 
828 134 13 16 0.10196573 
1285 527 9 11 0.09904249 
1263 608 8 9 0.091697924 
1287 560 8 10 0.090417475 
1274 559 7 10 0.07956698 
561 302 510 437 0.07946249 
1278 600 7 9 0.07864677 
1259 607 7 9 0.0780231 
1286 584 8 10 0.07792596 
1289 545 7 9 0.07764442 
1256 590 8 10 0.07547369 
1294 544 8 10 0.07357432 
1254 568 8 10 0.07337093 
1280 575 8 10 0.07282113 
979 135 13 15 0.06889485 
1288 566 8 9 0.06810252 
1263 591 8 9 0.06679831 
1304 575 8 9 0.066263594 
1302 597 8 11 0.06561211 
1310 575 8 10 0.06549367 
1311 542 8 11 0.06494189 
1272 598 7 9 0.06474926 
1320 569 7 8 0.06339798 
1264 575 7 9 0.06267631 
1271 575 7 10 0.062664516 
1278 552 8 10 0.060274005 
1281 583 8 9 0.059337873 
1247 574 8 10 0.05905863 
1305 525 9 11 0.057909764 
1263 549 9 11 0.057485987 
1263 536 7 9 0.057293836 
1241 568 7 10 0.0571282 
1294 591 9 10 0.055582482 
1295 584 8 10 0.054916114 
1241 574 7 9 0.054250844 
1319 575 8 9 0.0524906 
1367 549 8 10 0.051708564 
1255 574 8 10 0.05119901 
1264 614 7 9 0.049928624 
1303 583 9 10 0.04942019 
1325 527 10 11 0.04920946 
1285 575 9 10 0.048688628 
1271 543 7 10 0.04810132 
1326 543 11 11 0.04786603 
1305 567 8 10 0.04708213 
1270 527 8 10 0.04679651 
1310 567 8 9 0.04672694 
1279 606 7 9 0.0460418 
1266 520 7 9 0.0459779 
1310 536 9 11 0.045931615 
1254 527 7 8 0.045742165 
413 1 28 28 0.045372568 
1325 533 11 12 0.04512739 
1294 567 7 10 0.04504831 
1303 592 8 10 0.04488967 
1249 584 7 9 0.04478077 
1368 568 8 10 0.044477474 
1370 573 8 11 0.044029128 
1281 533 7 10 0.043873556 
1279 543 8 9 0.043365955 
1297 574 7 9 0.04311574 
1269 615 8 8 0.042862084 
1326 591 8 9 0.04198404 
1335 591 9 11 0.04185677 
1264 559 8 10 0.04119811 
1287 599 8 10 0.04047022 
1264 599 8 9 0.04034327 
1281 590 7 9 0.040031727 
1247 552 8 10 0.03998561 
1303 535 9 10 0.039698213 
1312 621 8 10 0.038755022 
1248 615 7 9 0.038530685 
1296 598 9 11 0.03841994 
1241 535 7 8 0.03832459 
1327 584 8 10 0.037657317 
1255 585 8 10 0.037628315 
1313 606 8 10 0.036829248 
1240 552 9 12 0.036583893 
1270 592 7 9 0.036411993 
1214 559 8 10 0.036260877 
1310 639 8 9 0.036094684 
1272 623 7 8 0.035646558 
1350 559 8 10 0.035148483 
1240 591 7 10 0.035087798 
1309 560 9 10 0.035028297 
1361 543 8 10 0.03472549 
1263 584 8 10 0.034679398 
1304 550 9 10 0.03458978 
1297 536 8 9 0.033962507 
1295 607 9 10 0.033960354 
1295 521 7 9 0.03370247 
1262 623 8 9 0.033672266 
1270 607 8 11 0.033417746 
1320 583 9 10 0.033384252 
1304 559 10 11 0.03323111 
1229 527 8 10 0.03319676 
1327 567 7 9 0.033028245 
1272 566 8 10 0.03284065 
1344 526 8 10 0.032673754 
1264 543 9 11 0.03261659 
1320 544 8 10 0.032531906 
1257 552 7 9 0.032142736 
1335 576 8 10 0.032098923 
1304 638 8 11 0.03184616 
1287 521 8 8 0.031699285 
1293 559 9 11 0.031620152 
1313 599 8 10 0.03161183 
1311 582 7 11 0.031534154 
1287 758 9 10 0.03148236 
1265 527 7 8 0.03127455 
864 151 16 18 0.031245135 
1288 606 7 10 0.031144451 
1271 536 8 9 0.031138476 
1303 542 9 10 0.030900264 
1273 551 8 10 0.030754752 
1224 553 7 9 0.030400565 
1257 614 7 9 0.030364504 
1287 624 9 10 0.030337855 
63 345 367 487 0.03021964 
1231 576 8 9 0.030188486 
1246 599 7 10 0.029960927 
1312 591 8 10 0.029948484 
1310 548 9 11 0.029828353 
1280 624 7 9 0.029731082 
26 523 442 512 0.02948402 
1319 600 8 9 0.029412076 
1338 597 8 10 0.02922268 
1295 525 9 11 0.02918108 
1280 566 8 10 0.02882317 
1303 633 8 10 0.028789349 
1336 566 8 10 0.028646082 
1264 567 7 9 0.028521312 
1302 782 9 10 0.028268036 
1232 592 7 9 0.028244076 
1258 535 7 9 0.02799372 
1301 615 8 11 0.027943363 
1325 599 8 10 0.027920952 
1285 630 9 10 0.027801875 
829 816 16 17 0.0276497 
1281 631 8 9 0.027518721 
1285 800 8 11 0.027053332 
1280 758 9 11 0.02686347 
1358 535 9 10 0.026452115 
1232 544 7 9 0.026270509 
1271 632 7 9 0.026174115 
1287 549 8 9 0.026091954 
1274 742 7 10 0.025886878 
1312 743 7 8 0.025059527 
1334 536 8 10 0.02503743 
1334 582 9 10 0.025027942 
1352 534 9 11 0.025022496 
748 137 21 26 0.024921957 
1257 623 7 9 0.024918718 
1272 582 7 10 0.024809642 
1280 614 7 9 0.024795461 
1248 526 8 10 0.024769867 
1297 638 8 11 0.024702147 
1192 567 8 10 0.024473745 
1360 528 8 9 0.024443094 
1246 606 7 10 0.024377676 
1344 567 7 11 0.024195975 
733 433 14 17 0.02418451 
1287 775 8 9 0.024177048 
1256 599 8 10 0.024102619 
1287 752 9 10 0.02393004 
1232 567 7 9 0.023874423 
1352 528 8 9 0.023797825 
1311 775 8 10 0.02375666 
1222 541 8 9 0.02366909 
1241 598 8 10 0.023585126 
1304 776 8 10 0.023566509 
1312 632 7 9 0.023373056 
1328 639 9 10 0.023370853 
1334 560 9 11 0.02335781 
1334 543 9 10 0.023243906 
787 366 14 18 0.023055945 
1208 566 8 10 0.022990502 
1322 533 9 11 0.022897147 
1350 574 9 10 0.022585165 
1294 758 8 10 0.022580098 
1241 528 8 10 0.02254243 
1368 599 9 11 0.022538727 
1342 598 8 10 0.022350475 
1255 559 8 10 0.022339746 
1320 632 8 9 0.022328008 
1271 638 7 10 0.02229456 
1327 576 9 9 0.022199543 
1232 533 7 9 0.021921027 
951 133 11 14 0.021862343 
1344 549 8 10 0.02177075 
1303 604 8 11 0.021758009 
1241 606 8 10 0.021749435 
1303 620 8 10 0.021635406 
1311 736 7 9 0.021454204 
1255 521 8 9 0.021446235 
1320 590 8 10 0.021329246 
1222 535 9 10 0.02124159 
1375 543 8 10 0.0211149 
1248 590 8 10 0.020754328 
1335 526 8 10 0.020516425 
1214 564 8 11 0.020423288 
694 202 17 17 0.020370591 
1297 740 8 10 0.020369772 
856 684 523 415 0.02015159 
1362 549 8 10 0.020035204 
