3cea319983a5f084e44c5e4b58b3ec03_image2
33
123 358 164 205 0.99351805 
779 68 10 12 0.113722146 
1103 578 12 14 0.10680084 
1110 552 7 10 0.052903816 
860 144 13 16 0.04757959 
1105 542 8 10 0.04637006 
541 72 13 17 0.044287633 
1111 536 10 12 0.04027575 
1106 551 8 10 0.039920006 
1110 541 8 10 0.03978065 
694 70 12 14 0.039136473 
1076 558 10 11 0.035714515 
1080 537 11 14 0.03548608 
1110 557 9 10 0.03519381 
1087 541 9 12 0.035179984 
1106 598 9 12 0.034555387 
708 83 12 15 0.03410346 
1128 530 11 13 0.034039304 
1093 559 9 10 0.030480845 
819 74 17 20 0.029549023 
1105 557 8 10 0.028374737 
471 272 14 16 0.027184056 
1086 525 9 11 0.023884805 
1086 535 10 13 0.02224851 
1089 559 9 11 0.022125633 
1061 598 9 12 0.021975111 
1095 541 10 11 0.021889415 
1061 560 10 11 0.021689292 
1049 543 9 11 0.021191895 
417 446 509 525 0.021110585 
1119 553 7 9 0.02087905 
1273 1 68 78 0.020336531 
1068 575 11 12 0.020155234 
