3cf0434a811d6d5c4e9a15b4f2cd4dc1_image2
28
180 347 136 173 0.9996371 
1254 542 12 15 0.22705992 
1212 580 10 12 0.11349666 
223 202 54 65 0.07084175 
929 186 15 17 0.040435277 
1237 542 9 12 0.03961715 
1217 561 8 10 0.03953762 
1238 550 9 10 0.03831151 
612 189 16 18 0.036695547 
169 21 114 92 0.035922777 
1352 559 8 10 0.035536617 
1249 527 8 10 0.030382825 
1202 558 8 10 0.030017814 
847 119 12 13 0.029087726 
734 189 16 18 0.027820168 
1357 559 7 10 0.027574161 
1216 546 7 9 0.027524719 
1291 543 10 12 0.026219642 
1327 568 9 11 0.024285171 
1224 552 8 9 0.023641162 
1227 574 8 11 0.023537097 
1253 787 12 16 0.023414614 
1232 611 9 12 0.02273958 
1302 570 12 14 0.022127016 
1236 535 9 10 0.021176506 
1368 578 9 10 0.021172881 
1367 541 9 12 0.020597948 
1270 558 9 12 0.02057831 
