3d4145564b4766860a73d43fdce5fb82_image2
18
185 196 101 128 0.9998324 
364 613 13 17 0.079455175 
386 602 18 21 0.04994123 
407 574 21 26 0.047842477 
-1 151 21 39 0.04205888 
192 56 38 44 0.040411204 
364 603 26 30 0.039016366 
33 570 14 18 0.030054623 
469 569 18 19 0.026185628 
370 609 15 19 0.026027208 
412 613 16 19 0.024478434 
403 607 25 29 0.02405436 
370 570 16 17 0.02356975 
204 34 12 14 0.022616815 
353 598 23 31 0.021978624 
341 603 15 20 0.021520896 
496 575 25 30 0.021160375 
46 -70 436 488 0.020325175 
