3d5479ff984a6287bf19015027b6f5ad_image2
84
217 281 116 146 0.999851 
1082 43 26 33 0.26716244 
1256 108 40 66 0.16937894 
253 142 36 35 0.0935417 
284 72 15 19 0.06817034 
815 803 15 19 0.05934573 
733 810 14 19 0.052910812 
356 804 12 17 0.052904837 
688 817 13 17 0.052116625 
876 816 11 14 0.044394765 
617 799 9 12 0.044110358 
349 802 14 18 0.041391972 
680 115 15 17 0.04062354 
1176 830 9 12 0.037681837 
628 170 13 16 0.037370127 
387 829 14 19 0.036806703 
0 319 16 24 0.03218073 
926 837 9 11 0.03214632 
1001 803 10 12 0.031805012 
871 799 10 13 0.031716604 
1144 811 9 11 0.031592175 
0 150 13 22 0.031452123 
797 815 10 13 0.031446416 
22 605 11 14 0.031381097 
758 849 10 13 0.0305577 
935 815 10 12 0.029781628 
522 853 9 12 0.029771723 
951 867 10 13 0.029322665 
650 837 9 11 0.02917809 
1149 825 10 11 0.028830692 
788 869 13 18 0.028583959 
807 815 9 12 0.028309733 
1064 816 8 11 0.028248418 
887 831 10 14 0.02797729 
273 812 13 15 0.027493173 
348 809 14 18 0.027482918 
609 844 9 12 0.02745193 
1148 807 11 13 0.027418617 
775 811 12 16 0.026849091 
687 825 10 14 0.026014118 
679 805 11 13 0.02585132 
887 800 10 11 0.025842385 
950 823 10 11 0.025611617 
648 807 8 10 0.025427345 
529 628 17 21 0.025150675 
606 804 10 12 0.02508311 
668 814 11 13 0.024931094 
632 800 10 10 0.024732746 
984 814 10 12 0.02460753 
944 799 8 10 0.02416511 
935 806 10 12 0.024149219 
183 816 13 17 0.024052104 
364 830 12 15 0.023919571 
1207 797 10 14 0.023894852 
933 854 10 12 0.023509324 
985 800 9 10 0.023462243 
934 800 9 10 0.023327636 
881 837 9 11 0.023196127 
933 820 10 13 0.023125893 
696 838 8 11 0.022790318 
417 820 11 13 0.022526909 
1070 816 9 11 0.022345826 
550 806 9 12 0.02210636 
679 811 12 15 0.022102814 
878 800 10 11 0.02184989 
685 804 12 14 0.021706292 
1127 819 10 12 0.02148187 
638 830 9 12 0.021105036 
468 623 13 15 0.021033464 
1016 800 8 10 0.021008002 
1097 799 9 11 0.02099331 
620 804 9 13 0.020785436 
728 820 10 14 0.020714428 
647 829 11 13 0.020616895 
636 843 11 13 0.020609029 
975 799 9 11 0.020562235 
720 830 9 10 0.020543864 
277 80 14 18 0.02036687 
710 830 9 11 0.02012297 
717 845 14 18 0.020107552 
27 582 13 18 0.020104332 
943 851 11 13 0.020066453 
941 807 8 10 0.020011388 
1201 798 8 11 0.020009201 
