3dcdebce140fb18ff6e2b5066611048b_image2
45
142 273 149 192 0.99884284 
660 849 66 67 0.11044452 
388 884 10 14 0.072904654 
382 883 11 16 0.06411749 
730 11 14 15 0.056402214 
347 893 13 15 0.05061626 
589 343 15 18 0.04158232 
55 869 10 12 0.03843703 
47 867 11 14 0.03782834 
310 894 12 14 0.033471897 
100 883 13 17 0.033303607 
375 883 13 18 0.030869527 
6 846 12 15 0.03076768 
12 865 14 18 0.030672561 
253 884 12 16 0.02928348 
185 91 46 56 0.028718103 
334 893 14 17 0.028410895 
95 870 10 12 0.02839204 
348 885 13 16 0.027685057 
483 891 17 20 0.027655404 
474 891 17 20 0.027595805 
167 875 10 14 0.027374083 
62 871 10 12 0.027212992 
752 3 14 16 0.026828142 
174 876 10 13 0.026555842 
718 864 38 39 0.026537519 
277 884 12 14 0.026473112 
698 851 62 63 0.025879912 
259 884 11 15 0.025709191 
316 874 11 14 0.02436443 
491 892 16 19 0.023794811 
657 813 108 124 0.023773499 
223 891 11 14 0.023741571 
229 877 11 12 0.02357712 
229 885 10 14 0.022878405 
527 887 26 26 0.022331052 
199 875 10 12 0.021855064 
294 879 11 14 0.021642482 
436 895 15 16 0.021150952 
390 891 13 16 0.020544915 
102 871 9 11 0.020456694 
302 891 13 16 0.02044624 
3 849 24 30 0.020334072 
341 885 14 17 0.020293714 
247 884 12 16 0.020008272 
