3e229e46b409fb03f7d04dc576a11650_image2
24
184 267 149 204 0.99739516 
560 308 16 20 0.08530057 
711 305 15 19 0.074650325 
707 15 29 34 0.059533283 
460 187 15 21 0.04657238 
626 114 16 17 0.046187576 
667 18 25 29 0.04604723 
619 183 16 21 0.045956027 
464 305 16 20 0.045255233 
494 245 16 18 0.038212433 
493 311 16 23 0.0337428 
692 428 16 18 0.033550467 
765 10 14 20 0.030923974 
614 19 24 28 0.03080695 
670 239 17 20 0.030546628 
609 309 16 21 0.03016023 
756 113 14 18 0.029284513 
626 370 15 18 0.028431594 
660 427 15 18 0.028030505 
484 188 14 18 0.025635632 
492 373 12 16 0.025278466 
675 306 15 18 0.024679627 
546 186 16 20 0.024660194 
493 435 15 19 0.02452229 
