3e6c1ea9ca1ee9b938ee444f5535b061_image2
34
219 419 180 223 0.99943584 
814 182 11 13 0.1181885 
1231 568 7 10 0.07237447 
886 172 9 11 0.05144467 
436 733 447 463 0.03829176 
1192 573 8 10 0.034930732 
1247 566 9 11 0.03437179 
942 232 14 17 0.030928718 
964 816 17 18 0.030516794 
1262 711 9 10 0.02875297 
749 816 15 17 0.027656605 
1194 607 8 10 0.026639642 
1248 559 9 11 0.026581174 
1295 516 9 11 0.025732001 
1296 513 8 9 0.024720086 
1226 572 9 12 0.024253068 
1217 519 8 10 0.023887502 
1191 592 8 9 0.02382873 
1216 584 7 8 0.023803486 
1233 558 7 10 0.023480471 
1226 568 8 10 0.023471605 
975 478 14 16 0.023201592 
1262 583 8 10 0.02264463 
1256 519 8 9 0.022369405 
1278 551 8 8 0.022061536 
1207 599 8 10 0.02164758 
1260 717 9 11 0.021490464 
1208 631 8 9 0.020985851 
1253 560 8 10 0.020775784 
1184 584 7 9 0.020752313 
1231 582 9 10 0.02074073 
1217 589 8 9 0.020389272 
1272 651 10 14 0.020127313 
1288 559 7 8 0.020122038 
