3e829f44b72b5ecad0dfbb6643f512e4_image2
27
266 306 147 204 0.99611485 
1045 458 11 15 0.07132366 
1107 510 8 11 0.045648098 
1060 430 9 11 0.04155976 
1088 456 9 9 0.028456751 
1064 407 9 10 0.027651194 
1080 471 10 11 0.026865205 
606 178 11 15 0.026706636 
1026 381 10 12 0.026572779 
1040 399 8 10 0.025240693 
756 128 10 11 0.025203303 
1026 430 10 11 0.02460571 
1030 390 9 10 0.022865335 
981 430 11 12 0.022812562 
1065 479 8 10 0.022506995 
710 586 14 17 0.022011142 
1047 481 11 11 0.021578604 
1065 486 10 10 0.021446366 
1040 413 9 10 0.021087125 
1096 463 9 10 0.02084539 
1032 487 9 10 0.020807113 
1081 476 9 11 0.020550936 
1040 502 10 11 0.02044926 
999 370 11 14 0.02042679 
1043 430 10 11 0.020194832 
536 173 19 22 0.020163665 
472 471 447 453 0.020019276 
