3ef57f6034d9edfe5f29c9ede9a06ea5_image2
162
84 262 138 171 0.9994722 
904 487 8 10 0.08741764 
887 464 10 12 0.08321773 
897 445 10 12 0.07993381 
897 454 10 11 0.07564796 
904 464 8 9 0.071525276 
877 528 8 10 0.0648388 
887 504 8 10 0.06328658 
904 503 8 9 0.06270844 
901 440 9 10 0.06230228 
624 567 12 15 0.062137365 
337 579 17 23 0.059517227 
953 495 8 9 0.05874032 
895 463 9 11 0.0578326 
476 82 11 12 0.055714518 
896 396 9 11 0.05499441 
921 463 8 10 0.051723313 
565 568 15 18 0.051442217 
951 477 7 10 0.0504434 
912 455 8 11 0.050164603 
887 480 8 10 0.04959581 
903 525 8 10 0.04871483 
880 471 7 9 0.04808639 
943 439 9 10 0.047749463 
879 440 9 12 0.04727204 
886 447 8 10 0.04687661 
887 428 9 10 0.046733763 
950 424 7 10 0.044661604 
976 462 9 12 0.044430934 
944 471 9 10 0.044171337 
887 528 8 10 0.04408672 
920 414 8 9 0.043435093 
881 423 9 11 0.04302427 
906 565 9 12 0.042699 
897 486 8 10 0.042243026 
887 486 8 10 0.040442403 
971 500 8 11 0.040224224 
865 480 9 11 0.039521776 
849 480 8 10 0.03925526 
512 61 28 35 0.037546378 
878 487 8 10 0.03742476 
825 479 8 10 0.037109658 
871 471 8 10 0.036113113 
887 552 11 13 0.035994653 
896 481 7 9 0.03563423 
841 489 7 9 0.035585955 
856 496 7 9 0.03485438 
937 456 8 10 0.0348369 
922 469 8 10 0.03469724 
897 521 8 10 0.034618407 
957 503 8 9 0.034193125 
929 439 9 10 0.03411711 
821 512 8 10 0.033626024 
921 502 8 9 0.033576608 
886 408 10 11 0.032749932 
919 456 9 10 0.032633703 
973 496 10 11 0.03256869 
959 511 8 10 0.03158529 
945 429 9 11 0.03131805 
910 463 8 9 0.031308286 
960 448 7 9 0.031245746 
957 496 8 9 0.031175224 
508 132 12 16 0.03095794 
894 423 9 10 0.030885985 
941 487 8 9 0.03082532 
865 519 7 9 0.030563323 
896 542 9 10 0.030433092 
903 534 8 10 0.030191863 
920 409 8 9 0.029934093 
921 496 8 10 0.029692516 
920 486 9 10 0.029440962 
881 416 9 10 0.029394627 
578 78 12 14 0.029274778 
962 432 8 11 0.029220965 
938 486 8 10 0.0291004 
960 486 8 10 0.028741967 
826 495 8 9 0.028544033 
925 496 8 9 0.028537203 
893 503 8 9 0.028409475 
937 471 8 9 0.028023655 
912 440 8 10 0.027925376 
848 486 7 10 0.027909888 
418 137 14 16 0.027862174 
905 470 8 9 0.027715713 
813 496 9 10 0.027600022 
896 537 9 9 0.027459482 
913 413 9 11 0.027437856 
540 77 11 17 0.027329337 
937 480 7 9 0.02729469 
880 503 8 10 0.027288776 
925 463 8 10 0.027247822 
869 432 8 9 0.0270377 
562 77 15 17 0.026976084 
961 438 8 10 0.026954638 
871 439 9 10 0.026932904 
871 485 9 11 0.026931178 
928 431 8 10 0.026915474 
886 440 9 10 0.026724719 
903 422 7 10 0.026625512 
854 479 8 11 0.026542658 
929 445 8 10 0.0262566 
946 424 8 9 0.026202008 
927 456 8 9 0.026103128 
874 501 8 9 0.025892949 
921 479 8 10 0.025792003 
936 462 8 9 0.025666676 
919 432 9 10 0.025643123 
896 416 8 10 0.025608037 
833 519 9 11 0.025591252 
810 501 8 10 0.025396591 
815 472 7 9 0.025179952 
943 456 9 9 0.02507917 
935 439 8 10 0.025046948 
887 520 8 9 0.024876272 
910 479 8 10 0.024825333 
981 463 8 11 0.024682919 
823 516 8 11 0.024486352 
848 462 8 10 0.02444519 
849 519 7 10 0.024306737 
909 471 8 10 0.024295881 
836 509 9 12 0.024222447 
161 3 18 22 0.024209393 
885 414 9 10 0.024159908 
905 494 8 10 0.02391729 
873 494 9 10 0.023874585 
525 69 26 34 0.023620784 
887 534 8 9 0.023454601 
894 468 9 10 0.023443056 
840 495 8 9 0.023367342 
848 455 7 9 0.023233037 
965 431 8 10 0.023143906 
856 511 8 10 0.02309502 
227 5 16 20 0.023027554 
855 464 8 10 0.022885628 
878 532 9 11 0.022862691 
911 521 8 9 0.022713084 
837 463 8 10 0.022543564 
888 455 8 10 0.022455545 
983 480 8 10 0.022403765 
925 479 8 10 0.022222253 
872 463 8 10 0.022041567 
944 477 9 11 0.021909894 
960 455 6 8 0.021708505 
910 488 8 9 0.021646222 
918 439 8 10 0.02161215 
950 439 8 9 0.021505177 
824 486 8 10 0.02125235 
911 423 8 9 0.021188451 
910 446 9 10 0.020972453 
976 480 9 9 0.020957302 
943 415 9 10 0.020929525 
126 653 16 17 0.020913662 
895 406 9 11 0.020913415 
833 503 8 10 0.020912902 
523 71 16 21 0.020720934 
929 423 7 9 0.020461919 
856 502 8 10 0.020460736 
950 472 8 10 0.020448346 
904 479 8 10 0.020209605 
960 463 7 10 0.020068731 
950 447 8 10 0.0200623 
944 463 8 9 0.020039903 
