4cb31b3e24089e67d0b26d50fd55244f_image2
19
200 246 133 161 0.9309468 
435 299 14 20 0.3964955 
491 206 15 20 0.23124541 
523 205 14 19 0.2142483 
435 205 15 19 0.17901212 
560 59 21 29 0.16160505 
610 205 15 20 0.120275915 
581 206 15 19 0.08043658 
492 299 13 18 0.06609291 
524 293 13 16 0.060878955 
545 298 14 20 0.056904886 
555 205 14 20 0.05656617 
459 300 14 20 0.04744161 
524 135 13 15 0.033910133 
436 342 13 17 0.03191388 
459 204 12 17 0.031490006 
615 248 11 15 0.029532375 
0 428 10 17 0.027390128 
602 64 15 21 0.021166956 
