62ee2c36e5a172d7ca05160c3fac8fdc_image2
18
251 236 156 226 0.9780213 
626 65 14 17 0.113333255 
713 72 14 18 0.10501624 
636 78 11 13 0.03992448 
679 63 12 15 0.037962668 
149 -2 95 115 0.035653118 
752 182 10 13 0.032522954 
763 60 12 16 0.032166738 
744 282 15 18 0.027426267 
344 56 11 12 0.02675958 
539 181 18 21 0.025801817 
593 132 14 18 0.025135292 
746 131 13 16 0.02466387 
710 640 15 18 0.0222657 
649 77 9 12 0.02189022 
643 641 15 18 0.021875422 
542 645 12 12 0.021620113 
761 66 12 17 0.020037107 
