6621e98c21071cdfe512b018dcead0cc_image2
32
333 301 204 273 0.9991892 
777 238 17 22 0.2231902 
824 242 15 19 0.18784894 
892 232 17 23 0.16653378 
1027 248 14 19 0.13268086 
736 230 25 29 0.12000966 
1049 399 25 27 0.10617551 
686 873 449 537 0.09309165 
686 593 475 509 0.08356714 
421 874 440 524 0.06507706 
1085 331 13 17 0.05635573 
606 281 452 572 0.05077791 
106 645 501 493 0.039835624 
849 410 16 19 0.037270322 
325 180 377 484 0.032624323 
403 -11 507 623 0.03129459 
200 73 376 514 0.030246934 
946 166 15 18 0.029354483 
800 226 13 17 0.02615845 
909 151 15 18 0.026081951 
818 894 29 31 0.025981946 
917 126 89 102 0.025823366 
532 498 439 467 0.025718946 
974 318 17 22 0.025119629 
1029 1046 25 31 0.024670081 
912 242 15 19 0.024414126 
948 150 11 12 0.022839116 
526 1017 233 245 0.022696747 
940 150 55 63 0.021504555 
864 150 13 15 0.020937452 
971 156 17 22 0.020741161 
957 50 18 20 0.0201391 
