68864dd8bc98912c9a5176d1d623acd9_image2
31
315 387 149 182 0.9988887 
928 739 14 16 0.14370106 
1187 636 12 14 0.08580779 
1184 675 10 12 0.08031503 
362 164 40 31 0.064541325 
1208 627 12 15 0.051260892 
1196 704 10 11 0.0459907 
1170 685 9 11 0.04481147 
647 813 250 272 0.037204288 
334 -31 470 477 0.03460673 
1170 740 14 17 0.033177678 
290 293 107 134 0.032432035 
1154 650 13 14 0.029035939 
1192 687 9 11 0.026750632 
1008 533 437 478 0.026703594 
383 171 36 37 0.026467679 
1189 732 12 14 0.02590913 
1198 691 10 12 0.025276436 
345 171 43 43 0.023993175 
1168 590 10 10 0.023958232 
1179 702 11 12 0.023661379 
1201 646 13 13 0.023302112 
358 195 44 45 0.022969868 
1187 670 12 13 0.022424446 
1168 693 9 11 0.022254508 
1173 734 11 13 0.021756236 
1195 710 10 10 0.021037396 
1223 678 9 10 0.020578366 
1179 708 11 12 0.020130636 
332 484 148 140 0.020119822 
1167 679 10 12 0.020107875 
