6fb0203cb0be1637313138be8aab310b_image2
19
309 392 179 236 0.9990501 
771 469 16 19 0.14290497 
873 137 19 22 0.11657959 
746 761 19 23 0.109408945 
849 32 17 20 0.07104602 
867 54 16 19 0.06132957 
659 877 429 539 0.04847661 
349 663 111 93 0.043020494 
369 677 74 55 0.0343731 
171 471 483 377 0.03019325 
363 52 56 66 0.03009657 
713 742 16 21 0.02305486 
793 548 15 19 0.022729468 
336 30 48 71 0.022073856 
747 313 14 17 0.021952596 
965 955 28 34 0.021860784 
401 31 34 53 0.021797404 
715 715 15 19 0.020998316 
828 380 14 17 0.02054749 
