71b9fb7db064fecdf08faf4bdaadd19c_image2
48
194 150 120 163 0.9997074 
420 665 15 19 0.09657845 
385 666 17 19 0.08069118 
19 179 15 20 0.06650134 
493 667 12 15 0.0554692 
556 687 17 22 0.05290277 
170 654 18 22 0.05149282 
427 665 16 20 0.051213037 
381 671 21 26 0.05078877 
132 658 17 19 0.048325542 
233 637 28 30 0.047076255 
443 681 15 20 0.04671243 
396 656 16 19 0.039927233 
502 669 11 15 0.039488584 
435 665 14 19 0.039334722 
395 666 13 16 0.034450125 
439 689 14 20 0.03217334 
445 668 13 18 0.031802095 
349 664 17 20 0.031728175 
332 658 16 18 0.031569116 
427 652 15 16 0.03060218 
357 632 30 32 0.029381547 
225 660 15 18 0.028849188 
122 675 16 19 0.027952394 
384 661 13 17 0.027492797 
509 671 16 20 0.026803939 
454 649 14 17 0.026361821 
493 701 14 17 0.02614062 
342 665 13 18 0.025281284 
556 659 15 19 0.025103532 
22 177 10 13 0.024755966 
484 658 16 19 0.024157401 
237 654 18 20 0.023966486 
138 664 14 17 0.023656307 
204 658 16 19 0.023404147 
515 667 18 20 0.023293355 
163 675 18 20 0.023051213 
405 668 11 14 0.022018377 
193 656 25 28 0.02198189 
413 672 15 18 0.021480326 
522 612 122 153 0.021390108 
446 662 11 14 0.021050826 
458 644 15 17 0.020763386 
487 677 12 15 0.020567684 
100 636 32 35 0.020435043 
258 653 28 31 0.020417498 
221 665 21 27 0.020306287 
160 661 11 14 0.020007096 
