76b4ba5e14d46d12afdf6bc271b6ef8e_image2
19
150 266 136 176 0.9991211 
597 633 16 20 0.25692886 
633 632 15 19 0.20842487 
682 110 14 20 0.09361667 
540 636 13 17 0.077172056 
672 632 15 19 0.0649866 
394 490 418 504 0.051978324 
539 328 13 18 0.041334342 
451 260 12 15 0.038451448 
461 639 14 14 0.035388872 
574 50 10 14 0.034529135 
708 632 16 19 0.02813139 
182 123 55 61 0.027915787 
629 636 23 29 0.02763488 
565 114 15 16 0.02453607 
172 33 46 50 0.02349841 
559 32 10 13 0.02211395 
641 44 14 18 0.021480618 
589 385 15 16 0.020084962 
