8293440959d7f358b1aa7c5fd12da589_image2
20
242 543 252 326 0.99799585 
683 821 533 463 0.27245525 
883 126 18 23 0.08502221 
773 234 26 29 0.07787931 
1129 820 18 23 0.051986616 
1009 225 15 18 0.040954955 
685 447 26 30 0.033414125 
108 615 492 537 0.03232222 
54 277 477 520 0.0314412 
95 35 27 33 0.031206638 
0 1129 20 38 0.030986998 
726 38 466 416 0.030550694 
716 931 37 38 0.028566407 
858 234 27 29 0.028288005 
776 567 468 536 0.028066535 
1016 -8 123 161 0.027903834 
826 450 15 17 0.026586898 
865 98 16 19 0.024766168 
972 924 17 19 0.023411253 
1045 221 27 30 0.023318984 
