8457466fb7138cc2c2612866f4874fa1_image2
18
291 362 202 260 0.99968576 
816 51 34 45 0.5201199 
856 381 16 22 0.13363798 
196 477 379 495 0.09167794 
635 516 18 23 0.08293427 
899 380 16 22 0.06604827 
925 383 16 20 0.06101543 
826 378 16 23 0.058005977 
925 58 28 35 0.043699086 
358 71 56 63 0.03571055 
667 516 17 24 0.030868948 
711 519 16 21 0.026939228 
702 239 15 20 0.026665956 
341 51 47 63 0.026266398 
191 627 133 176 0.025011854 
738 451 14 17 0.022424782 
772 238 15 20 0.020815581 
919 243 16 20 0.020790778 
