847e20f3a1968d90e1230c2de6dbe174_image2
24
231 252 159 221 0.81444204 
609 419 17 22 0.23120156 
681 152 19 26 0.22003508 
713 224 16 19 0.18122159 
541 419 15 20 0.17271069 
796 674 30 33 0.09571496 
641 152 19 24 0.079776764 
843 678 16 19 0.077202916 
757 426 14 16 0.07338478 
711 287 18 22 0.06715566 
567 418 20 27 0.061998874 
741 288 18 24 0.05865443 
756 680 17 20 0.05802597 
540 282 21 27 0.053968716 
574 283 22 28 0.05185366 
799 225 16 18 0.049664248 
656 223 14 20 0.038666423 
58 575 526 384 0.029326277 
770 490 16 20 0.028443787 
784 427 14 16 0.027596977 
670 288 16 19 0.024838308 
760 870 28 33 0.024698406 
332 303 461 590 0.024391796 
646 357 14 17 0.020743825 
