8ce7e1b10d6a54b56503f5e7baacca8d_ref_crop
30
221 492 291 425 0.99780434 
493 469 18 23 0.31143883 
0 220 41 59 0.122668855 
446 415 22 29 0.083430685 
10 345 31 45 0.082506336 
431 405 39 51 0.060266607 
7 315 25 31 0.05764776 
236 50 44 59 0.054093573 
-1 449 18 31 0.044508595 
37 525 27 32 0.036942814 
410 398 19 25 0.033971105 
507 493 15 19 0.031622164 
2 327 20 32 0.029915683 
1 534 18 29 0.02939202 
468 377 18 23 0.029371886 
448 389 20 27 0.028920963 
27 449 23 33 0.027860716 
63 663 54 74 0.02728694 
35 575 30 35 0.026093232 
494 381 19 24 0.025181793 
376 386 29 33 0.024819272 
31 522 22 29 0.024751939 
486 461 32 41 0.024505435 
11 449 24 33 0.024133045 
1 313 39 54 0.022776863 
505 478 17 22 0.02269505 
477 378 22 27 0.021684295 
469 369 15 18 0.020949606 
497 456 17 22 0.020652901 
257 286 25 36 0.02036476 
