97039f3b618d23c3942f0cb92ebaa125_image2
24
174 275 154 223 0.9548175 
740 271 14 17 0.36137816 
674 341 26 30 0.32671607 
841 348 19 26 0.27138332 
491 199 15 19 0.2103021 
703 430 15 20 0.17323405 
676 88 20 26 0.098592915 
804 348 21 25 0.09611642 
700 181 22 26 0.08746333 
644 195 20 28 0.07423662 
715 87 25 32 0.0638219 
666 269 14 19 0.056828976 
642 362 14 18 0.04571755 
767 350 17 23 0.04560126 
191 123 55 64 0.04550621 
491 266 20 24 0.043987792 
701 353 14 19 0.043389108 
849 2 16 20 0.0395862 
686 345 22 28 0.03784597 
716 356 15 22 0.027894547 
707 352 17 24 0.023613254 
563 71 33 31 0.023328835 
190 112 89 107 0.021709874 
559 200 15 20 0.020543337 
