97f19b41470fbc2c4b444a4badbc2d78_image2
20
152 367 157 199 0.99286133 
741 716 16 18 0.14579293 
695 716 16 18 0.07379124 
853 51 10 14 0.043376166 
782 125 15 21 0.038870685 
682 289 13 17 0.036454603 
22 -28 379 435 0.035602372 
747 128 16 18 0.03520007 
697 422 11 15 0.03385291 
669 128 14 19 0.032542977 
650 723 22 31 0.032329448 
541 427 13 15 0.029361576 
658 290 13 17 0.02640682 
846 416 13 17 0.025966069 
692 721 24 28 0.02535937 
774 56 12 15 0.02535319 
699 128 14 18 0.024766628 
718 129 14 16 0.022891782 
185 67 51 56 0.02281622 
477 429 14 18 0.020416068 
