9a8bcba7e77363628b6e0502130e4892_image2
22
166 258 182 230 0.9758994 
199 53 42 50 0.083331294 
580 295 14 19 0.0785866 
579 701 14 18 0.06740109 
389 646 393 507 0.064483106 
195 46 29 41 0.056141697 
206 72 37 47 0.04925187 
131 512 41 50 0.04503898 
243 34 44 47 0.038906973 
619 140 14 17 0.03671902 
286 412 36 44 0.031117428 
218 57 49 47 0.03086717 
742 138 15 16 0.028760947 
219 417 14 17 0.027781317 
316 458 14 17 0.02464593 
239 53 33 36 0.02429195 
572 65 14 20 0.021968368 
398 494 9 12 0.02187462 
753 291 12 16 0.021761827 
586 369 14 18 0.021324888 
195 245 19 23 0.020636532 
226 477 17 21 0.020596577 
