a055505d3ad941b5852569890e36504e_image2
29
153 202 128 178 0.99730873 
390 726 14 17 0.16776074 
323 720 16 18 0.12996005 
341 744 11 12 0.11204735 
267 740 13 14 0.07368312 
350 722 12 16 0.06835789 
230 738 13 15 0.053886726 
239 713 13 16 0.053457256 
359 719 21 26 0.045648493 
75 346 32 37 0.04410717 
336 741 11 13 0.04156917 
0 0 11 13 0.03676048 
302 740 13 13 0.034601837 
344 722 12 15 0.031873643 
548 0 12 10 0.03120465 
205 717 12 14 0.028162643 
391 719 13 15 0.026270878 
312 719 12 15 0.026192931 
201 715 11 13 0.025699982 
255 739 12 13 0.0241794 
565 0 12 10 0.023733106 
286 722 13 15 0.022931812 
262 746 14 15 0.022733303 
436 721 17 22 0.022490295 
222 739 14 16 0.022342553 
172 715 13 15 0.022144862 
279 717 12 15 0.021627186 
530 0 14 10 0.021184178 
212 718 12 14 0.020090498 
