a0ea3a1c3bddf1bf7191f9b706161db0_image2
24
98 260 133 169 0.99928707 
841 308 8 11 0.053790763 
801 324 9 11 0.043127153 
857 342 8 10 0.04004162 
766 307 9 11 0.03967976 
818 310 9 11 0.0373147 
571 472 13 17 0.036801245 
865 358 7 10 0.036761586 
838 326 8 10 0.032704763 
834 325 9 11 0.029252255 
866 350 8 11 0.028004184 
855 321 8 9 0.027168296 
848 343 7 9 0.024753746 
784 309 8 11 0.024679927 
838 319 9 11 0.023761328 
833 320 8 11 0.02314926 
854 325 9 10 0.022960752 
849 326 7 10 0.02252068 
817 327 8 10 0.02213678 
297 550 26 28 0.021972163 
777 334 9 10 0.021051606 
856 302 8 11 0.020872716 
840 334 9 11 0.020397963 
849 320 7 9 0.020151814 
