a3588278f1b98f40dc1e6ec2424c9299_image2
36
147 360 149 194 0.9965904 
540 247 13 17 0.09640713 
637 249 14 18 0.051221456 
666 196 11 14 0.04111629 
1071 568 8 9 0.036063164 
609 187 14 17 0.035465155 
1089 520 7 8 0.03527338 
501 323 10 13 0.030488217 
992 527 8 9 0.030010816 
1039 543 8 10 0.028775072 
760 181 13 15 0.027915865 
1033 543 7 9 0.02693334 
1055 569 9 10 0.026734201 
1105 527 6 8 0.026538605 
760 671 12 14 0.026439477 
475 320 14 17 0.025294771 
693 189 14 21 0.025166625 
1047 527 8 8 0.025067171 
1089 496 7 9 0.024142694 
259 159 12 14 0.023625975 
467 95 40 52 0.023399591 
1077 502 9 10 0.022814667 
1055 536 8 9 0.02274659 
1057 520 7 9 0.021737603 
1063 521 8 9 0.021563686 
1063 568 8 9 0.021487042 
307 93 40 52 0.021362767 
1040 551 8 9 0.021167593 
1071 574 8 8 0.021133894 
1088 527 7 8 0.020997033 
1065 544 8 8 0.020826329 
994 557 8 10 0.020672414 
758 191 14 18 0.02051621 
1046 544 8 9 0.020329205 
1065 551 7 9 0.02025609 
1063 525 8 9 0.02022361 
