a47c1e8f86851b04f07e91b582c314f8_image2
30
281 271 125 161 0.9894106 
609 747 15 18 0.8192616 
695 747 16 20 0.6311006 
572 760 18 24 0.5292234 
642 744 19 20 0.31705773 
642 763 17 21 0.20225371 
732 747 14 19 0.1280847 
727 755 14 19 0.12303222 
690 755 21 26 0.10357081 
735 744 10 12 0.08843668 
756 746 14 18 0.059087217 
604 765 17 21 0.04369403 
538 759 18 22 0.04238664 
574 749 16 20 0.03931972 
166 248 12 15 0.038946476 
643 67 11 14 0.0352922 
764 747 13 18 0.035151184 
146 25 52 45 0.031620212 
601 748 14 18 0.029629545 
634 769 24 26 0.028777575 
171 37 40 43 0.028740581 
619 273 12 14 0.026872499 
647 754 16 20 0.026162557 
631 827 15 18 0.025677582 
246 277 98 143 0.023545833 
597 770 15 19 0.021864282 
765 772 13 16 0.020965142 
729 741 12 16 0.020853443 
151 63 42 43 0.020657895 
565 678 11 14 0.020189805 
