a6085568e20f18399ae5c153f45a75a8_image2
20
177 267 161 236 0.9779353 
746 801 15 18 0.07547561 
544 632 13 17 0.057168566 
622 61 17 20 0.052674413 
679 9 10 11 0.042866524 
456 636 16 18 0.041012585 
585 632 10 12 0.040551517 
530 664 17 19 0.03660571 
455 205 15 19 0.033738654 
492 648 23 27 0.032724224 
170 485 119 123 0.027406951 
633 347 14 17 0.024693932 
506 791 26 31 0.022715714 
366 555 423 508 0.022645244 
732 775 11 13 0.021888861 
758 804 11 15 0.021502528 
235 241 445 479 0.021134336 
572 671 17 20 0.020901216 
194 85 49 57 0.020868696 
655 289 13 16 0.020004857 
