aa3a67af992ebd6862b6fc3ed7640bcf_image2
31
273 382 144 202 0.9979936 
757 807 13 16 0.08490901 
689 253 15 18 0.06521688 
795 819 16 19 0.06303093 
1327 583 9 11 0.05383835 
1282 563 10 12 0.050890643 
1345 583 10 11 0.041728422 
1347 589 11 13 0.040331483 
751 808 21 28 0.037272435 
1222 567 10 12 0.031743765 
1248 567 7 8 0.027839439 
1244 590 9 11 0.027699746 
1262 582 8 9 0.027646098 
1257 574 8 10 0.027367769 
314 197 32 42 0.02607886 
1246 582 9 11 0.02504172 
798 252 16 18 0.024817277 
1264 567 8 9 0.024630874 
1321 582 9 13 0.024312481 
300 177 42 57 0.024088489 
1270 576 7 9 0.024034385 
1311 562 10 13 0.023943137 
285 340 15 20 0.02391218 
1332 583 9 11 0.0234153 
1352 607 9 11 0.022587817 
1333 590 8 9 0.02221591 
1262 576 8 9 0.022043744 
1259 580 8 10 0.021238735 
1360 564 9 11 0.021143146 
1255 569 7 9 0.020346245 
1266 559 7 10 0.0200031 
