aa4be595337d9fd021f4d2ea1bbfc0fc_image2
131
325 442 116 146 0.890745 
1238 758 12 15 0.33646607 
1212 727 8 11 0.124488406 
1158 747 10 13 0.09589576 
1185 697 7 8 0.09139474 
1184 700 8 10 0.090156496 
1162 728 8 10 0.08119773 
1272 687 7 8 0.08078315 
1201 712 8 10 0.07161554 
1232 718 8 9 0.067054704 
1163 733 9 10 0.06703934 
1181 732 8 10 0.053688593 
1281 696 7 8 0.053585567 
1196 759 11 14 0.050200284 
849 251 13 16 0.04797862 
1183 709 9 11 0.04781267 
912 253 10 14 0.047183342 
1215 782 14 16 0.046966806 
1176 729 8 10 0.04550831 
1250 772 9 12 0.043750074 
1310 598 9 11 0.043267522 
1213 571 11 14 0.04307651 
1173 688 8 10 0.042904437 
1234 652 12 13 0.042441297 
1205 711 8 10 0.041131444 
1265 735 9 10 0.04060239 
1201 694 8 10 0.040379073 
1248 743 9 9 0.040134013 
1161 695 8 10 0.040074755 
1182 664 8 9 0.03987916 
1312 608 8 10 0.0389337 
1305 599 8 9 0.038503844 
1216 744 10 10 0.03843883 
1168 765 11 14 0.036920883 
1198 538 10 12 0.03670678 
1199 663 7 8 0.036639664 
1248 736 8 9 0.03643034 
1254 737 8 9 0.03609558 
1195 679 7 9 0.035899837 
1169 687 8 10 0.035721034 
1153 744 10 13 0.035360735 
1145 697 8 9 0.035275638 
1144 702 8 9 0.03452718 
1241 742 8 11 0.0344742 
1166 695 7 10 0.033808112 
1226 732 9 11 0.033393245 
1181 669 9 11 0.03323186 
1246 750 9 11 0.032182574 
1193 728 7 9 0.031946864 
1145 750 9 11 0.0316906 
1297 600 7 9 0.03145356 
1312 593 9 10 0.030907288 
1232 757 12 15 0.030452695 
1256 695 8 9 0.030386308 
1193 719 7 9 0.030231902 
397 447 87 132 0.02989922 
1215 704 8 9 0.02956296 
1153 688 9 9 0.029524762 
1222 751 10 13 0.029269848 
1264 727 9 10 0.029203271 
1208 695 8 10 0.029028175 
1178 711 7 9 0.028884435 
1305 680 8 9 0.028739087 
1248 703 7 8 0.028618531 
1270 660 11 13 0.028323632 
1269 748 9 10 0.027904619 
1209 731 8 11 0.027394867 
182 1121 55 49 0.027265374 
1190 656 8 10 0.027012873 
1296 704 8 9 0.026923757 
1160 703 8 9 0.026688807 
1150 727 8 10 0.02664999 
1177 744 9 10 0.026232816 
1266 742 8 10 0.026151115 
1150 717 8 10 0.026123088 
1287 728 7 9 0.026026577 
1232 527 8 10 0.025471285 
1304 591 8 10 0.02538708 
1199 686 8 10 0.024840863 
428 184 12 14 0.024434669 
1158 687 8 10 0.024410209 
1295 588 8 11 0.02438601 
1143 687 8 9 0.024184149 
1257 589 8 10 0.02411354 
1215 528 8 9 0.024107134 
1191 661 8 10 0.024026383 
1224 671 7 9 0.024012685 
1199 728 7 9 0.02400416 
1273 599 9 10 0.023953574 
1201 703 8 10 0.02390758 
1190 710 7 10 0.023730287 
1215 711 9 10 0.023535453 
1134 704 8 10 0.02326897 
1317 592 8 10 0.02321851 
15 827 364 440 0.023118887 
1280 736 8 9 0.022985972 
1247 599 8 10 0.022957895 
1236 769 13 17 0.022950517 
1263 759 9 10 0.022871392 
1305 550 9 10 0.022827843 
1320 631 8 10 0.022656975 
1152 713 8 9 0.022541916 
1166 701 8 10 0.02253478 
1207 679 8 9 0.02250137 
1261 695 8 9 0.022414958 
1280 670 9 11 0.022353696 
368 320 51 58 0.02233695 
1230 586 12 15 0.022232398 
1208 719 8 10 0.022194277 
1272 703 8 9 0.0220594 
790 254 13 14 0.022028208 
1277 661 9 11 0.021969054 
1308 560 9 10 0.021817213 
1230 687 7 9 0.021329705 
1160 672 8 8 0.021238232 
1229 751 10 13 0.02119936 
1313 614 9 10 0.02114351 
1226 687 8 9 0.021082815 
1188 783 12 13 0.021061078 
1305 543 8 11 0.021001572 
1302 567 9 11 0.020949291 
1272 540 8 11 0.020784061 
1184 655 8 9 0.020734888 
1294 669 9 10 0.020506611 
1192 732 8 10 0.020454153 
1150 663 8 9 0.02038178 
1208 661 8 10 0.020306736 
1191 598 8 10 0.020276826 
1265 750 9 10 0.020195823 
1272 581 8 11 0.020151503 
1185 689 8 9 0.02003317 
