ab01ab214f1884b298a41eaf7848495c_image2
62
160 377 129 173 0.9996917 
1081 509 9 11 0.07662593 
1089 528 7 9 0.065704465 
1038 611 10 12 0.06352192 
913 494 9 10 0.060209945 
1049 519 9 11 0.051890854 
992 472 10 12 0.04942698 
1016 525 9 10 0.044174947 
1095 518 9 11 0.04335381 
1015 548 11 13 0.042097535 
1017 518 9 11 0.04015038 
1001 532 8 11 0.038343493 
522 246 14 17 0.03389381 
1022 683 9 11 0.03378216 
988 456 11 13 0.03287558 
1055 478 9 11 0.03226844 
990 494 9 11 0.031288147 
1018 510 9 11 0.03074065 
1001 508 10 11 0.03073393 
967 511 9 10 0.02976713 
962 477 8 10 0.029427439 
1021 523 10 12 0.028885243 
1032 543 8 11 0.028698768 
1113 488 7 9 0.02835435 
1029 516 10 13 0.02777599 
1079 495 7 9 0.026750907 
1065 499 9 12 0.026710931 
1056 612 10 12 0.026430754 
1096 472 8 10 0.025640944 
1055 517 8 11 0.024953686 
1064 488 9 10 0.02481649 
1005 504 9 11 0.02456999 
1000 620 9 11 0.0245141 
1021 467 13 16 0.024472026 
1001 485 8 11 0.024201889 
1081 503 8 12 0.023955116 
984 615 8 9 0.023525165 
1023 517 11 13 0.023397522 
974 494 7 10 0.023377096 
1023 511 10 12 0.02326254 
969 487 8 10 0.023257215 
1120 488 7 9 0.023150505 
1097 488 7 10 0.023080131 
1064 527 9 11 0.022421533 
992 638 7 9 0.022044629 
1041 494 9 10 0.021899316 
1023 608 9 11 0.021706555 
1031 522 10 12 0.021661133 
1074 647 8 10 0.021548226 
1070 466 12 14 0.02142973 
1023 493 9 11 0.021416554 
1081 544 8 9 0.020935507 
1106 505 7 8 0.020831473 
1041 653 9 11 0.02081575 
461 710 12 16 0.020797575 
1070 528 9 10 0.020620834 
983 624 9 10 0.020486614 
984 488 8 10 0.020445477 
1014 661 10 11 0.020412644 
1005 488 9 11 0.02040658 
999 493 9 11 0.020166684 
984 471 9 12 0.020071167 
