ab4ad138e3ce7fc69345eccc5096acd1_image2
18
312 382 198 298 0.99812 
257 294 336 461 0.13948102 
833 333 17 21 0.13032214 
926 257 20 28 0.07968078 
740 334 16 19 0.069519006 
520 618 404 486 0.067110956 
793 251 17 21 0.05965847 
957 249 13 18 0.058720972 
620 706 471 522 0.050373726 
217 717 75 77 0.03766923 
189 695 128 133 0.0319658 
694 335 16 19 0.028215364 
240 714 41 38 0.026674157 
291 819 483 565 0.026233075 
838 62 16 18 0.024015617 
172 670 236 259 0.02317856 
544 -21 396 523 0.020776987 
575 363 26 30 0.020772228 
