abdbfe52fef912883d3ba1e7d40f6dc7_image2
202
175 328 158 210 0.9936777 
1049 508 9 13 0.14972591 
680 147 16 20 0.13665608 
764 74 12 15 0.13625361 
718 74 14 18 0.11181826 
1089 535 9 12 0.09523424 
1048 528 8 10 0.091447376 
666 84 16 19 0.08863247 
1080 608 8 10 0.08049821 
1077 502 9 11 0.07832508 
838 74 15 18 0.07762476 
1088 486 9 10 0.07549708 
1077 528 10 12 0.07342288 
1094 557 11 13 0.07231612 
630 75 17 22 0.072048 
703 148 14 19 0.071074925 
1097 508 10 12 0.070786625 
587 88 10 14 0.069305345 
1079 566 8 10 0.06873266 
1073 535 8 10 0.06768946 
730 88 13 16 0.06583039 
458 221 11 14 0.06375005 
1090 592 9 11 0.06361994 
716 81 13 17 0.062243916 
1111 525 9 11 0.059827868 
1110 518 10 12 0.057748113 
1063 536 8 10 0.057038743 
1056 535 8 10 0.056904037 
1079 560 9 11 0.05609941 
580 219 13 17 0.05542939 
794 86 13 16 0.054759413 
610 662 17 22 0.05323934 
1051 462 9 11 0.05231351 
1111 559 10 11 0.051032994 
574 76 13 18 0.05030698 
1062 552 9 10 0.049117982 
1127 526 10 12 0.04889838 
1080 550 8 10 0.04815595 
1113 542 9 12 0.048086062 
1158 503 9 10 0.047293354 
1072 503 10 12 0.046806615 
1079 496 9 11 0.046734154 
1072 591 10 12 0.04671133 
765 81 14 17 0.046088282 
1125 533 9 10 0.045741316 
1137 508 9 11 0.045382086 
1097 476 9 12 0.04503101 
1015 463 8 11 0.04461875 
1102 613 8 9 0.044304635 
1068 468 9 11 0.0437271 
1209 637 10 11 0.0433917 
1006 464 9 10 0.043048114 
1094 525 9 12 0.042792417 
1097 460 11 12 0.04265353 
1113 502 10 12 0.04196609 
1065 430 8 10 0.04185787 
1112 565 10 12 0.041184627 
1032 517 9 10 0.040800285 
785 139 12 17 0.040462192 
647 666 15 17 0.040425584 
1071 509 10 11 0.039967325 
1071 597 10 12 0.039873444 
1064 541 8 9 0.039069697 
1071 552 8 10 0.038896263 
1129 495 9 11 0.03887685 
1064 567 8 9 0.03845799 
1109 586 11 14 0.03841811 
1021 527 9 10 0.03839629 
1071 479 9 11 0.038096346 
1083 453 11 13 0.037949 
726 85 13 16 0.037844982 
1061 558 8 9 0.03739991 
1088 606 9 11 0.03739858 
1096 518 9 12 0.03714318 
1069 464 9 10 0.03710941 
1088 551 10 12 0.036845032 
760 147 13 18 0.03682928 
991 398 498 543 0.03656042 
1088 528 8 10 0.036529854 
1141 511 10 10 0.03553088 
1047 488 8 10 0.035476707 
1120 534 9 10 0.035419267 
1071 540 8 11 0.035331514 
1031 528 8 10 0.03488798 
760 69 13 16 0.034344263 
1057 552 8 9 0.034304176 
1072 575 9 11 0.03426525 
1092 540 10 11 0.03416299 
1039 551 7 9 0.033973657 
1102 519 9 11 0.03387749 
1015 575 8 10 0.03365633 
1090 556 10 13 0.03263443 
1009 556 12 14 0.032505296 
1103 526 9 10 0.032248728 
1038 517 8 11 0.031506173 
1076 596 10 12 0.031500284 
1120 527 9 11 0.03137476 
1135 502 9 11 0.031332023 
1091 596 10 12 0.031319685 
1054 527 8 9 0.031003078 
1172 479 12 13 0.03096072 
1110 549 8 11 0.03091366 
1064 502 8 11 0.030625198 
981 511 8 11 0.030566176 
1157 508 10 11 0.0303331 
1076 574 10 12 0.03026795 
1031 511 9 11 0.030142957 
852 149 13 15 0.030079657 
1064 449 8 9 0.030004703 
1104 552 9 11 0.029739536 
1224 462 7 8 0.029662507 
1049 457 8 10 0.029606124 
1055 516 8 10 0.029174361 
1157 469 10 12 0.029046439 
1152 512 10 10 0.028898288 
1030 534 9 10 0.028710548 
1078 542 10 11 0.02850817 
1184 495 10 11 0.028171286 
1096 471 10 11 0.028147267 
1048 533 8 11 0.02799202 
1087 480 9 11 0.027985709 
646 675 17 20 0.027756516 
1079 462 9 11 0.02772241 
1159 544 9 11 0.027625961 
1071 496 10 11 0.027525559 
1053 494 9 10 0.027432388 
1092 486 10 11 0.027347898 
1056 480 9 10 0.027194293 
1029 559 9 10 0.027194235 
1033 470 8 10 0.027024854 
1077 508 9 12 0.02693614 
1133 526 9 11 0.026622538 
1055 488 9 9 0.026342357 
758 82 14 18 0.02630323 
1087 471 9 11 0.026299395 
1072 569 7 9 0.026199201 
1006 533 9 11 0.026174705 
569 147 15 19 0.026143331 
1176 638 9 11 0.026141344 
1132 582 10 11 0.026133243 
1111 509 10 11 0.02600473 
1150 494 10 11 0.025704836 
645 272 15 18 0.025549892 
1085 493 10 12 0.025434291 
1151 518 9 11 0.02528052 
1079 480 8 11 0.025278846 
991 528 8 9 0.025263527 
1008 565 10 12 0.025070164 
1080 486 8 10 0.025065143 
1061 484 8 9 0.024922578 
650 494 14 15 0.024861205 
1179 543 8 9 0.024742754 
1062 526 9 11 0.024726363 
1069 454 8 10 0.024615342 
1053 504 10 12 0.0245108 
1085 460 10 12 0.024462488 
1024 437 9 12 0.024461087 
1160 593 9 10 0.024375414 
1009 517 9 10 0.024365751 
1120 558 9 11 0.02433527 
1152 526 9 11 0.024200842 
730 141 15 20 0.02415822 
1021 542 10 11 0.024013948 
1036 470 10 11 0.023616781 
1086 439 10 11 0.023528425 
1183 526 8 10 0.023400538 
1173 503 8 10 0.023387378 
1244 554 13 15 0.023376223 
1181 519 7 10 0.02283695 
1096 614 8 11 0.022689011 
1208 503 8 10 0.022652877 
1174 510 8 10 0.022593569 
1090 623 8 10 0.022435457 
1056 558 9 9 0.022422662 
1186 501 9 11 0.02238053 
1126 558 10 12 0.022321625 
1112 536 10 11 0.022142077 
1120 647 9 10 0.022120519 
1047 551 8 10 0.022053769 
1023 536 9 10 0.022050627 
1064 575 9 10 0.021861313 
1053 455 9 10 0.021826653 
1173 495 9 10 0.021764353 
1104 542 9 11 0.021662468 
1088 517 9 12 0.021508925 
799 76 12 14 0.021415327 
1055 446 8 10 0.021204587 
115 768 123 124 0.021131366 
1104 589 10 12 0.02112258 
771 88 13 16 0.021046689 
1150 534 9 10 0.02096662 
1192 453 9 11 0.020903833 
1024 510 10 12 0.020852413 
1046 567 9 10 0.020761037 
1062 480 9 10 0.020733552 
1134 576 8 10 0.020647928 
1022 455 8 10 0.020473087 
1094 495 11 11 0.020419525 
1030 503 9 11 0.020318922 
1143 518 9 10 0.020176541 
1086 502 11 13 0.020157699 
1039 528 8 9 0.020051586 
