ac5af3080e8bcf316c5515fa4ce8b296_image2
18
125 295 187 258 0.8545725 
514 169 20 25 0.48010176 
582 164 21 27 0.39915758 
444 172 17 22 0.36736324 
413 174 18 23 0.33040532 
655 5 28 28 0.32261756 
425 361 16 22 0.18452857 
713 6 19 20 0.13325773 
489 360 15 21 0.11172837 
626 163 16 23 0.10818007 
451 296 18 24 0.09137597 
539 167 21 28 0.08326164 
750 225 15 17 0.077776656 
450 360 17 23 0.07482215 
472 171 17 22 0.044818595 
421 299 17 21 0.044415157 
564 296 13 17 0.043163776 
603 67 17 21 0.027309965 
