ac8f9220a894c4afb405c61ab241dafd_image2
72
157 351 162 229 0.99853015 
1037 524 14 19 0.3214315 
1054 542 15 19 0.13601029 
1026 499 13 16 0.091648 
1023 494 12 14 0.083055735 
1063 493 12 14 0.06384154 
1020 466 13 15 0.050179176 
1054 525 11 14 0.04755066 
176 100 42 47 0.043997433 
1038 468 11 13 0.041599285 
1056 487 11 13 0.039371457 
1013 517 13 17 0.03876536 
665 632 23 29 0.038247827 
1030 467 11 14 0.03752554 
1034 418 13 16 0.035626646 
1049 453 9 12 0.03503645 
335 -21 414 482 0.033925537 
1001 423 9 12 0.033801697 
1010 564 12 13 0.032932095 
1055 533 13 15 0.03247713 
1039 462 10 13 0.032311875 
1020 476 11 12 0.032300558 
984 428 10 12 0.03198471 
1015 491 10 12 0.03178699 
1061 518 11 12 0.031244287 
1048 446 10 11 0.029289046 
1067 498 11 12 0.028928438 
1015 533 10 13 0.028863749 
1030 572 11 13 0.028593585 
1043 518 14 17 0.028515287 
1023 439 10 11 0.02785581 
1037 475 12 14 0.027684622 
1005 476 11 12 0.02689094 
1079 486 10 12 0.026678596 
1052 462 13 14 0.026381575 
1005 424 10 11 0.025661156 
997 474 12 15 0.025413204 
1044 502 12 13 0.024982883 
1047 541 12 15 0.024935849 
1060 523 12 15 0.02491135 
1030 484 11 13 0.024425987 
1028 438 9 11 0.024357386 
1024 432 8 11 0.023720106 
784 164 11 14 0.02343956 
1072 435 11 13 0.023327373 
1015 440 9 12 0.023266504 
1007 572 13 14 0.023222653 
1020 588 11 12 0.023178346 
1039 493 11 13 0.023075512 
1020 517 12 15 0.022994468 
1020 535 11 12 0.02278922 
1047 459 11 14 0.022725418 
1017 462 11 13 0.022697816 
1063 477 12 14 0.022265986 
524 166 15 17 0.02216299 
1008 454 9 11 0.022161132 
1039 454 9 11 0.021787835 
578 636 14 17 0.021730453 
993 475 10 14 0.021583438 
1087 494 10 12 0.021543635 
1021 487 11 13 0.021292709 
1045 493 11 13 0.021283546 
1086 447 8 10 0.02103441 
1029 461 11 14 0.020993073 
1040 581 9 13 0.020954074 
1045 475 13 15 0.020912608 
1053 510 12 14 0.02061871 
1005 543 11 12 0.020598663 
1029 445 10 12 0.02057213 
1038 507 13 15 0.020368705 
1022 443 11 13 0.020185994 
1022 505 14 17 0.020079518 
