acc2c8e087550d5c315c628069c39958_image2
129
227 274 130 182 0.99889475 
1090 492 9 11 0.07817972 
1076 477 10 12 0.07044025 
1129 544 8 9 0.05682453 
1112 575 9 9 0.05547177 
1056 479 8 10 0.055037968 
1121 551 8 9 0.05331402 
1143 537 8 9 0.052942764 
1135 496 8 9 0.05264738 
1111 590 8 10 0.051506855 
736 114 13 17 0.050097764 
1056 437 9 12 0.046658203 
1092 488 10 12 0.0462196 
1077 471 8 11 0.046169847 
710 121 10 12 0.04590639 
1114 583 8 10 0.045440007 
1138 503 8 10 0.045244277 
1153 527 7 10 0.04346097 
1120 503 8 9 0.042330004 
1070 457 9 11 0.040691756 
1121 533 8 10 0.03960979 
1082 599 8 10 0.039222296 
1127 527 8 9 0.03908217 
1085 590 8 10 0.03888581 
1130 581 10 12 0.038648546 
1135 510 8 9 0.037980344 
1158 543 7 9 0.0376432 
1128 511 8 10 0.037631 
1118 511 8 10 0.035604537 
1131 494 7 10 0.035150245 
1112 518 9 10 0.03411044 
1146 520 7 9 0.03381891 
1128 520 8 9 0.033810202 
1106 567 8 9 0.03380155 
1061 509 9 11 0.03287329 
1158 534 8 9 0.032651693 
1120 527 8 10 0.032525614 
1165 636 11 13 0.03246955 
1095 591 7 9 0.03232371 
1086 438 9 11 0.032090537 
1095 502 8 10 0.0320056 
1049 479 8 10 0.031945385 
1160 519 7 9 0.031832803 
1097 598 8 9 0.031715084 
1112 512 9 11 0.03076238 
1158 528 7 9 0.030633999 
1106 488 8 10 0.030349517 
1082 431 9 11 0.030189974 
698 109 9 11 0.030186165 
1061 469 8 10 0.03002315 
1153 544 8 9 0.029916279 
1168 520 8 8 0.02935716 
1094 559 8 10 0.029217595 
1119 558 9 9 0.029184073 
1117 519 8 9 0.029154502 
1104 599 8 9 0.029108038 
1095 440 8 9 0.028831862 
1135 543 8 9 0.028784426 
1088 462 7 9 0.028662281 
1087 457 8 9 0.028565435 
1197 510 9 11 0.028556801 
1087 584 8 9 0.028454002 
1095 583 8 9 0.028382676 
1047 575 7 9 0.02821952 
1177 560 6 7 0.028157743 
1105 574 8 10 0.027724942 
1169 503 7 8 0.027684392 
1089 471 8 9 0.027546335 
1089 560 8 9 0.027486663 
1153 533 8 9 0.027264133 
1105 591 8 10 0.026843086 
1016 453 8 10 0.026451895 
1095 478 8 10 0.026433267 
1105 528 9 10 0.026393998 
681 171 12 15 0.026353711 
1150 519 8 9 0.02630754 
1090 502 7 9 0.026268518 
1063 463 9 10 0.026252994 
1144 512 7 8 0.026224105 
621 109 12 15 0.025943676 
1055 454 8 9 0.02579187 
1040 591 8 10 0.025738452 
1113 607 7 8 0.025684927 
1054 664 8 9 0.025534669 
1131 488 7 9 0.025337847 
1104 519 8 9 0.02527667 
1039 584 9 10 0.025238555 
1049 462 7 9 0.025227739 
1110 543 8 10 0.025169747 
1111 527 9 10 0.025031485 
1095 576 7 9 0.024936443 
1073 552 7 9 0.02470496 
1153 551 9 9 0.024381166 
1104 463 8 9 0.024239512 
1081 437 9 11 0.023852587 
1018 470 7 8 0.02333393 
1115 575 9 11 0.023266235 
1169 527 8 9 0.02316023 
1063 505 9 11 0.023051165 
1071 488 8 9 0.02302952 
1109 568 9 10 0.02299902 
1065 487 7 9 0.022923578 
1127 548 9 10 0.022895895 
1153 559 9 10 0.022617845 
1098 615 7 9 0.022501364 
1079 511 8 10 0.022487054 
1110 495 9 11 0.022292966 
1103 559 8 10 0.022179563 
1088 512 8 10 0.022147262 
1118 591 7 9 0.021868581 
1103 616 8 10 0.021724815 
1040 575 8 9 0.021651523 
1074 543 7 9 0.021583676 
831 171 14 14 0.021574078 
1055 495 8 9 0.021546153 
1135 550 8 10 0.0213628 
1063 650 10 12 0.021360673 
1126 535 9 10 0.021316294 
1128 567 8 9 0.021269348 
1034 590 8 10 0.02116632 
1143 551 8 10 0.02114678 
1127 598 9 10 0.021088041 
1097 456 6 9 0.02108798 
1077 494 9 11 0.02093233 
1056 544 7 8 0.020406846 
1079 550 8 10 0.020260861 
1088 566 9 10 0.020250551 
1110 471 7 9 0.020230489 
1081 567 8 9 0.02019286 
