af89d4080666030041c3ad5092f38d7b_image2
29
195 386 128 172 0.99970526 
1032 477 8 10 0.06492406 
1023 446 9 11 0.06485922 
1017 443 9 12 0.06154522 
1017 464 8 10 0.051619314 
1022 470 9 12 0.051502626 
1024 477 8 10 0.04747115 
1022 439 8 10 0.04520907 
227 216 53 62 0.04502106 
1041 436 9 11 0.041457422 
1032 471 9 11 0.041220568 
1029 447 9 11 0.036058642 
1017 469 9 11 0.03549268 
1057 471 10 10 0.034874253 
1025 452 9 11 0.034597307 
1000 438 8 10 0.033461507 
563 191 14 16 0.033452693 
1055 450 12 14 0.028653167 
994 793 15 19 0.026293619 
1038 471 8 11 0.02519767 
513 190 14 16 0.024655016 
989 499 11 12 0.024488743 
1008 478 8 9 0.023627263 
1023 463 9 11 0.022710305 
1003 501 10 12 0.022369634 
231 84 13 15 0.021570707 
1033 487 8 10 0.021450406 
1030 439 8 10 0.021429406 
1016 478 9 11 0.020374073 
