afe829442cd59dbf59a87d1e9bd4bd34_image2
54
303 383 136 169 0.9998691 
1329 552 9 10 0.042003002 
1356 623 10 11 0.036623005 
1360 583 8 10 0.034866028 
1345 567 8 10 0.033193193 
1343 584 8 10 0.033187736 
1328 572 9 11 0.032904156 
1293 565 13 17 0.032688722 
1304 607 9 11 0.032104287 
1370 598 8 10 0.031891625 
822 234 14 15 0.031793587 
1301 590 9 11 0.03171726 
1409 606 7 9 0.030774824 
1353 551 7 9 0.030533474 
1377 552 7 8 0.030302567 
1369 607 8 10 0.02931896 
1374 592 8 9 0.028356493 
1342 615 7 10 0.028233316 
1272 567 8 10 0.027919043 
1341 621 8 11 0.026895717 
1386 599 7 8 0.026660562 
1344 608 9 9 0.026320009 
636 463 12 15 0.026318131 
1360 567 8 9 0.026265403 
1385 615 8 9 0.026025284 
1329 556 10 11 0.025831133 
1401 622 9 10 0.025716376 
1386 592 6 9 0.025646333 
1350 567 8 10 0.02427277 
1375 559 9 10 0.024186691 
1368 592 9 10 0.024184115 
1407 599 7 9 0.024180023 
1352 615 9 10 0.023231067 
1400 598 7 9 0.023218954 
1350 607 9 10 0.02312363 
1376 566 9 10 0.0228847 
1343 551 7 10 0.022872489 
1351 584 9 10 0.022404205 
1335 607 9 10 0.02184182 
1408 584 7 9 0.021773463 
1360 551 7 9 0.021697965 
1400 567 8 10 0.021383649 
946 795 16 21 0.021268178 
1336 583 8 10 0.021266092 
1334 556 9 11 0.02107693 
1399 592 8 10 0.021058155 
709 231 14 17 0.020980882 
1418 598 8 10 0.020930424 
823 164 40 44 0.020807102 
1335 598 8 11 0.020451602 
1357 608 9 10 0.020364312 
1335 567 8 10 0.020298434 
1265 592 9 11 0.020123333 
1278 582 9 11 0.020070752 
