b0af87129e24c9b20824e1f15fdfbc00_image2
18
102 173 124 158 0.9998609 
231 416 19 21 0.08406664 
502 265 13 16 0.067881785 
108 382 9 11 0.056118015 
277 324 12 14 0.055284835 
214 383 15 17 0.051271956 
108 361 8 10 0.04989415 
262 418 14 17 0.0478157 
373 585 25 29 0.030415295 
200 297 30 31 0.029056542 
490 35 16 17 0.028104406 
109 364 9 12 0.026630063 
63 381 13 17 0.026003353 
479 260 16 19 0.02561538 
214 419 11 14 0.024607053 
473 158 12 16 0.024413517 
375 590 14 19 0.024036177 
304 341 8 12 0.022075674 
