b0c9cc8197ee144bc26a70e127cba48d_image2
316
296 397 165 213 0.9980788 
1447 792 10 12 0.31866965 
1416 742 9 12 0.17660752 
1451 685 8 10 0.16813408 
1452 680 8 11 0.16783144 
1416 695 9 11 0.1381522 
1480 735 9 10 0.13485499 
1489 751 8 9 0.13465908 
1504 688 9 10 0.1205173 
1498 741 9 11 0.11598925 
837 457 15 17 0.11573864 
1529 664 8 10 0.1114553 
1422 697 8 10 0.10053249 
1440 664 9 11 0.097562745 
1445 670 8 10 0.08992956 
1399 687 8 9 0.08840708 
1398 719 8 9 0.086017475 
1463 725 9 11 0.085772306 
1440 669 9 10 0.08405974 
1529 621 9 12 0.08195657 
1438 718 8 9 0.081592046 
1533 622 9 12 0.08147098 
579 791 454 432 0.08051825 
1416 719 8 10 0.07858971 
1499 735 11 12 0.07681823 
1528 616 8 10 0.07596882 
1463 774 12 13 0.07351656 
1477 703 9 10 0.072554156 
1401 735 8 10 0.070978716 
1406 712 7 9 0.07068151 
1519 655 9 10 0.07044929 
1414 687 9 10 0.06978091 
1434 680 8 11 0.06860559 
1469 727 8 10 0.06721407 
1257 35 421 436 0.0663786 
1529 591 7 9 0.06248846 
1457 662 9 11 0.061286017 
1472 703 9 10 0.061176203 
1494 652 8 10 0.060716297 
1464 744 8 10 0.060166642 
1457 719 9 10 0.06014295 
1446 770 12 14 0.06006425 
1468 641 13 15 0.059502974 
1513 623 7 9 0.059380453 
1331 602 12 16 0.058360144 
1434 719 8 9 0.058119897 
1448 728 8 10 0.057273366 
1489 73 200 262 0.056885537 
1505 646 9 11 0.056371313 
1455 726 9 11 0.054835238 
1402 752 8 9 0.054740645 
1447 703 8 10 0.05444051 
1454 703 8 10 0.054404702 
1434 701 9 11 0.05383338 
1527 736 9 10 0.053409375 
1471 686 8 10 0.053218793 
1392 742 8 10 0.052852202 
1520 616 7 9 0.052378584 
1408 776 7 9 0.05235388 
1527 647 8 10 0.051461995 
1431 662 9 11 0.049923815 
1543 623 9 11 0.049598664 
1544 631 8 9 0.049046785 
1392 719 8 10 0.04878065 
1529 608 8 9 0.048036058 
1489 647 8 11 0.04802004 
1478 709 9 10 0.04778256 
1444 664 9 10 0.047426496 
1486 688 8 11 0.04696335 
1434 712 7 9 0.046950463 
1413 639 10 11 0.046567958 
1449 734 9 10 0.046262037 
1473 759 9 10 0.046136495 
1462 590 10 12 0.044932768 
1273 661 462 523 0.04485742 
1503 639 8 10 0.04483242 
1465 687 7 10 0.044668347 
1406 735 7 10 0.04428985 
1463 767 10 12 0.04364749 
1423 728 8 9 0.04359443 
1432 696 9 11 0.043571524 
1543 616 8 9 0.043515474 
1448 760 8 10 0.043505196 
1511 584 9 9 0.04345471 
1481 687 8 10 0.042972747 
1480 727 8 10 0.042894427 
1400 702 8 9 0.042891312 
1518 743 9 10 0.04283772 
1415 661 8 11 0.042015497 
1449 694 8 10 0.041768305 
1424 663 9 11 0.041745383 
1414 656 8 10 0.041684646 
1544 640 9 10 0.0416029 
1400 694 9 10 0.041483566 
1533 570 12 15 0.041003652 
1518 631 8 10 0.040769063 
1471 709 9 11 0.04053432 
1513 630 8 9 0.040015128 
1471 735 7 8 0.039797775 
1409 639 9 12 0.03959344 
1436 684 10 11 0.03957542 
1496 704 10 11 0.03955314 
1439 726 8 10 0.03941761 
1438 790 10 12 0.039190877 
1457 711 8 9 0.038958378 
1494 750 9 11 0.038925093 
1507 766 10 13 0.038380586 
1512 591 9 9 0.038361195 
1530 668 9 12 0.038347498 
1480 741 9 11 0.03834695 
1501 600 8 10 0.038047016 
1471 680 8 9 0.03792312 
1436 589 9 11 0.03789133 
1422 720 7 9 0.037801985 
1510 782 10 13 0.037787415 
1398 680 9 10 0.03760512 
1407 687 8 10 0.037520755 
1416 680 9 11 0.037473325 
1537 718 9 10 0.0373895 
1536 627 9 11 0.037383646 
1552 672 9 10 0.03696416 
1477 760 8 10 0.036747012 
1398 740 9 11 0.036553163 
1464 704 8 9 0.03654409 
1535 641 8 10 0.03620772 
1487 727 9 10 0.035845958 
1449 741 9 11 0.035736896 
1479 719 8 9 0.03559082 
1485 734 8 10 0.035563786 
1471 750 8 10 0.03547814 
1526 654 8 10 0.035313997 
1399 727 8 10 0.035301574 
1481 574 8 10 0.03481611 
1574 656 9 10 0.034693606 
1513 615 8 10 0.03455687 
1528 584 9 10 0.03453245 
1390 695 8 10 0.03448929 
1407 717 8 11 0.034375116 
1543 661 9 11 0.034222055 
1447 782 10 13 0.03415055 
1438 712 8 10 0.034048524 
205 733 516 489 0.033724297 
1527 695 10 10 0.03360446 
1498 503 9 12 0.033499178 
1462 662 9 12 0.0334843 
1533 694 9 10 0.033270147 
1487 626 10 11 0.0332633 
1497 607 10 12 0.03322504 
1416 712 7 9 0.03313327 
1486 744 8 9 0.033008244 
1502 692 10 11 0.03296885 
1495 575 9 10 0.032873966 
286 126 43 47 0.032854334 
1504 583 8 9 0.032806486 
1464 789 13 15 0.03277357 
1519 736 9 10 0.032680828 
1455 496 10 11 0.032642197 
1503 653 9 11 0.0326125 
1446 710 8 11 0.032582033 
1400 712 9 10 0.032418355 
1416 726 8 9 0.032124687 
1398 668 10 11 0.03211615 
1392 736 8 9 0.032071404 
1504 663 8 9 0.03196756 
1382 735 8 9 0.031797525 
1422 679 9 11 0.031405173 
1437 783 10 12 0.031400923 
1430 734 9 10 0.031126054 
1471 765 9 11 0.031112164 
1479 765 9 11 0.031057674 
1551 632 9 9 0.03090233 
1518 695 9 11 0.030855678 
1431 727 9 10 0.030756481 
1487 786 10 14 0.030679502 
1423 550 8 11 0.030630253 
1514 750 9 10 0.03020805 
1535 736 9 10 0.030126834 
1481 582 8 10 0.030000415 
1568 663 9 10 0.029991373 
1426 621 10 12 0.029964017 
1384 710 8 11 0.029926065 
1423 750 9 12 0.029851682 
1534 645 8 10 0.029836465 
1461 720 9 11 0.02982898 
1489 521 7 9 0.029825317 
1552 733 10 11 0.029711299 
1432 670 8 10 0.029517775 
1477 671 8 10 0.029454352 
1416 737 9 10 0.029454153 
1517 678 8 11 0.029440962 
1527 641 9 10 0.029418176 
1502 719 9 10 0.029412512 
1437 696 10 11 0.029377313 
1385 695 8 10 0.029132389 
1478 529 8 10 0.02901962 
1497 671 7 10 0.028726103 
1469 743 9 10 0.028707305 
1533 663 9 10 0.028674997 
1494 726 11 12 0.028552795 
1533 591 9 9 0.028351795 
1512 702 10 11 0.028199295 
1029 112 13 16 0.027670035 
1449 750 9 11 0.027620992 
1454 750 8 11 0.027508909 
1511 653 9 10 0.027348759 
1486 766 10 11 0.027338356 
1440 631 8 10 0.027308227 
0 751 490 467 0.027269935 
1496 695 9 9 0.027261337 
1473 670 8 10 0.027256014 
1520 647 9 11 0.027199434 
1549 704 9 10 0.027187435 
1463 656 9 11 0.027068513 
1511 679 9 11 0.027008047 
1353 589 9 12 0.026974965 
1519 559 8 11 0.026940234 
1519 638 9 10 0.026882052 
1423 734 8 10 0.026868952 
1409 782 8 9 0.026812822 
1409 620 9 11 0.02677035 
1446 631 8 10 0.026748722 
1528 597 9 12 0.026639434 
1509 687 9 10 0.026622513 
1466 681 7 9 0.026465219 
1543 711 9 10 0.026262801 
1408 614 10 12 0.026061362 
1486 584 8 10 0.025954675 
1430 640 10 11 0.025760662 
1464 695 7 9 0.025739094 
1437 599 9 11 0.025721049 
1463 760 9 10 0.025626209 
1504 760 9 10 0.025523826 
1428 518 9 11 0.025482347 
1520 719 10 11 0.025447488 
1509 720 9 10 0.025386313 
1526 726 9 10 0.0253305 
271 227 55 61 0.02503846 
1390 767 8 10 0.02500089 
1509 640 10 10 0.024984345 
1511 664 8 9 0.024974512 
1518 599 9 11 0.02490943 
1393 687 9 10 0.024830442 
1406 607 9 11 0.024793804 
1534 615 8 10 0.024789097 
1517 687 9 10 0.024778528 
1415 632 9 10 0.024698425 
1407 693 8 11 0.024548858 
1511 726 9 9 0.024463326 
1425 654 8 11 0.024399005 
1463 710 8 11 0.024300614 
1473 696 8 9 0.024094174 
1430 653 10 13 0.024042025 
1456 615 9 11 0.023885055 
1454 742 9 11 0.023841087 
1549 677 10 12 0.023837104 
942 129 14 17 0.02376417 
1415 760 8 10 0.023723165 
1433 502 8 10 0.023559187 
1424 613 10 12 0.023547877 
1439 743 10 11 0.02349285 
1537 743 9 10 0.023452159 
1377 493 9 11 0.023318341 
1494 520 8 10 0.023050157 
1519 725 10 10 0.022964034 
1375 488 9 10 0.022857314 
1502 748 9 11 0.022825098 
1425 670 8 9 0.022770789 
1167 438 14 13 0.02267193 
1551 710 10 11 0.022617303 
1469 543 10 11 0.022581164 
1535 712 9 11 0.022484267 
1453 645 9 11 0.022336597 
1419 742 11 13 0.022305816 
1464 734 9 10 0.02227593 
1449 646 8 10 0.022182614 
1620 774 25 36 0.022125052 
1487 720 8 10 0.022108562 
1550 624 8 9 0.022079159 
1421 783 9 11 0.022062305 
1426 757 9 11 0.02201869 
1511 695 9 10 0.021978185 
1392 670 9 11 0.021916166 
1488 758 8 10 0.0217911 
1518 591 8 9 0.021698553 
1453 693 9 10 0.021602178 
1470 624 10 11 0.021487433 
1439 796 10 13 0.021343838 
1493 623 9 10 0.021310221 
1568 501 12 15 0.021175696 
1448 599 8 10 0.021123916 
1393 679 8 10 0.020997891 
1399 766 8 10 0.020981072 
1496 583 8 11 0.020933775 
1501 632 9 10 0.02091584 
1408 654 9 10 0.020898756 
1560 679 9 10 0.02085792 
1423 712 7 9 0.020830909 
1433 774 9 10 0.020814741 
1433 797 9 11 0.02080419 
1465 629 9 10 0.02079172 
1496 636 10 12 0.020718453 
1544 692 8 11 0.020718057 
1558 712 11 12 0.020667274 
1413 735 20 25 0.020539919 
1393 724 9 11 0.020528354 
1448 501 8 10 0.020479051 
1437 751 11 12 0.02043707 
1449 623 9 11 0.02029528 
1501 671 9 10 0.020271184 
1553 655 8 10 0.02023461 
1429 752 12 13 0.020232635 
1495 718 10 12 0.02021824 
1480 788 10 14 0.020215683 
1495 631 8 9 0.020094588 
1454 759 8 10 0.020093983 
1468 555 12 15 0.020068273 
