b2865bf629305a84be935557813f3eb6_image2
21
223 369 132 171 0.99855345 
751 675 15 18 0.4001439 
714 674 15 18 0.30617043 
636 680 20 26 0.17956427 
709 679 21 25 0.11192516 
749 691 17 20 0.098585635 
583 679 20 27 0.051365294 
205 60 22 34 0.04038482 
210 71 41 45 0.035451777 
669 368 13 16 0.031174941 
688 672 10 13 0.030894507 
486 289 12 17 0.030249802 
722 676 14 20 0.027956147 
288 293 485 544 0.026882542 
219 90 40 39 0.02680428 
35 432 400 508 0.024900587 
393 0 33 31 0.023899749 
702 677 14 19 0.0217772 
693 677 13 17 0.021419987 
678 95 12 15 0.021365596 
300 19 443 586 0.020812249 
