b3198340b8e3dfe3576c1841fc5f3c70_image2
55
282 376 159 217 0.99557424 
771 245 10 12 0.13557062 
749 297 13 16 0.1332439 
832 242 9 12 0.07092278 
1148 571 11 13 0.06111661 
716 241 12 14 0.05496359 
1145 607 8 10 0.051758014 
-12 160 345 514 0.049108975 
1151 616 9 11 0.043510046 
1193 574 9 10 0.03986508 
1159 598 8 10 0.039674778 
814 243 11 13 0.038782362 
1129 614 9 10 0.036909916 
1153 598 8 10 0.036348887 
1133 614 8 11 0.034469925 
1207 598 8 9 0.032576725 
1142 592 9 10 0.031953607 
1150 591 9 10 0.031865526 
1199 621 8 9 0.030532118 
1234 606 8 9 0.030268846 
1178 583 8 9 0.030023659 
1207 631 9 10 0.029630203 
1144 621 9 11 0.028888587 
1161 575 8 10 0.028787825 
1233 575 8 11 0.028482685 
1384 -16 151 181 0.027097799 
1135 623 7 10 0.02703232 
1248 581 10 10 0.026984237 
1199 606 7 9 0.026597576 
1176 632 9 10 0.026245888 
3 239 209 330 0.02607406 
1085 638 8 11 0.026016515 
1168 616 8 10 0.025519852 
1145 613 9 12 0.025468178 
1166 598 9 10 0.02530719 
1244 970 49 54 0.024774933 
109 416 439 522 0.024232706 
1072 573 9 10 0.024071055 
1225 592 8 10 0.02381582 
312 795 412 518 0.023438934 
1129 600 9 10 0.022794696 
1177 576 9 9 0.0226788 
1177 639 7 9 0.022637384 
1240 592 7 8 0.022490686 
1193 617 8 9 0.022440594 
1162 580 9 11 0.022125369 
1134 599 8 10 0.021926943 
1198 575 8 10 0.021734038 
788 243 10 12 0.02171637 
1182 575 7 9 0.021685602 
1148 580 11 13 0.021235071 
1183 623 7 9 0.020943778 
1246 592 8 9 0.020674614 
1198 616 8 9 0.020615814 
1175 616 7 9 0.020264653 
