b395c0657e119febaaabe5817b68e500_image2
23
325 581 223 322 0.99978083 
964 215 20 29 0.19119625 
1247 222 12 16 0.16921818 
964 217 13 17 0.11705649 
1519 826 14 18 0.049041558 
1609 827 11 14 0.047647014 
1893 967 18 21 0.042037793 
1519 821 12 13 0.04054445 
981 218 20 27 0.038005024 
1636 822 13 16 0.035631277 
1611 823 10 12 0.03453287 
1244 224 21 27 0.027480679 
1573 822 9 12 0.02591658 
1367 623 435 494 0.02484079 
1510 830 11 14 0.023890685 
1600 850 13 17 0.023837458 
1577 830 10 13 0.023339832 
1022 219 20 28 0.022947427 
1575 803 10 12 0.022932785 
1523 834 12 14 0.022667132 
1581 830 12 15 0.02216896 
1528 790 9 12 0.020956878 
1269 1121 15 17 0.020209763 
