b4672818b6affecc87fc3d0713cac1fc_image2
17
238 392 145 191 0.9980464 
772 250 14 17 0.071863495 
1085 545 440 501 0.046510298 
1204 606 14 18 0.041638933 
267 155 41 44 0.038626302 
114 317 446 542 0.032590333 
267 262 56 66 0.032151915 
794 180 15 18 0.03167865 
864 181 11 14 0.030613145 
646 796 125 169 0.028927298 
847 179 12 15 0.028590757 
954 756 14 17 0.026966382 
733 184 12 16 0.026735488 
560 637 24 34 0.02557738 
295 491 13 15 0.025217975 
658 250 13 16 0.023325635 
80 254 24 34 0.021881256 
