b533d486e9ee4a0034eb2c7f178704e4_image2
84
136 330 137 160 0.99978334 
1095 551 8 10 0.11487916 
644 165 14 18 0.09437083 
1112 502 8 9 0.08648353 
1126 495 9 11 0.06638939 
1103 511 9 11 0.06151782 
1119 512 8 10 0.05896175 
1111 517 9 11 0.05472788 
1108 494 9 11 0.052209772 
1129 551 8 10 0.047009297 
1129 533 8 10 0.045068327 
665 99 15 18 0.044697586 
1117 527 9 10 0.043023176 
1077 509 9 11 0.04057258 
1105 515 9 12 0.04037301 
1134 533 9 10 0.03833035 
172 88 42 48 0.038193747 
1118 516 8 11 0.038185608 
1072 488 8 10 0.037826475 
1104 470 12 14 0.036797833 
1134 527 9 11 0.03581614 
1126 499 10 12 0.035478663 
1087 519 9 10 0.034960255 
1119 501 9 12 0.034768857 
1104 542 8 10 0.03400022 
1145 511 8 10 0.03372087 
1126 488 9 11 0.033573966 
1111 550 9 11 0.03321109 
1136 471 8 11 0.03249479 
1113 526 9 11 0.03239818 
1129 544 8 10 0.03234047 
1089 478 9 11 0.031994827 
1151 534 7 9 0.031673547 
1097 511 8 10 0.030731102 
853 169 15 18 0.0306024 
1107 487 12 13 0.030376283 
1150 511 8 9 0.030279739 
1127 511 9 11 0.030270832 
1103 502 9 11 0.03009047 
814 162 15 16 0.030075971 
1128 527 10 11 0.02987511 
1166 526 8 10 0.029505802 
1143 472 7 10 0.029197274 
1093 536 8 10 0.029052207 
647 284 16 19 0.028553328 
1121 488 9 10 0.028415607 
1095 556 8 10 0.02820102 
1158 461 10 13 0.02774747 
1117 533 9 11 0.027589984 
1175 473 8 10 0.026605824 
1088 485 9 11 0.026486117 
1096 495 8 10 0.025921311 
1078 527 9 10 0.025906932 
184 172 49 59 0.02575881 
1136 487 8 10 0.025666704 
1112 534 9 11 0.025457459 
1121 558 8 10 0.024643317 
1104 463 9 10 0.024456788 
1086 510 9 10 0.024330586 
1142 480 9 10 0.023903979 
1162 521 8 9 0.023749704 
1060 494 9 11 0.023612749 
1144 528 8 10 0.023399334 
1143 485 9 10 0.023103384 
1134 520 8 9 0.022787128 
1086 504 8 10 0.022761129 
1151 496 8 10 0.022659635 
1199 494 7 9 0.022570582 
1110 541 10 12 0.022292405 
1183 489 8 9 0.022228068 
1078 503 10 12 0.02185133 
1070 543 8 10 0.02120862 
1167 471 8 10 0.021093378 
1095 542 8 10 0.02106738 
1088 550 9 10 0.021020101 
1061 612 10 10 0.020990586 
1176 462 7 9 0.020946754 
1076 516 11 13 0.02068404 
1158 467 11 13 0.020419251 
1150 529 8 9 0.020276306 
1089 535 8 10 0.02017811 
1075 494 8 10 0.020157427 
1103 524 9 12 0.02014038 
1128 516 9 11 0.020018104 
