b5940739164471899d8324ec7832db33_image2
18
184 277 113 153 0.99984705 
792 375 8 9 0.04475205 
783 358 8 9 0.04222648 
813 367 8 10 0.04135363 
773 367 8 10 0.03723414 
748 601 24 28 0.029808363 
99 158 39 52 0.027014708 
792 367 8 10 0.026943693 
825 366 8 10 0.024962174 
793 382 9 12 0.023935156 
799 360 7 9 0.023601511 
783 350 8 10 0.02345595 
809 350 9 11 0.022431899 
798 366 8 10 0.022168078 
825 343 8 10 0.021984814 
809 373 9 11 0.021862678 
758 391 8 10 0.020973356 
809 358 9 10 0.020752216 
