b5aa57d145a85d4908ad7eba26330211_image2
68
194 359 120 163 0.9993315 
68 19 14 18 0.16617064 
59 7 16 19 0.14906126 
47 27 14 17 0.13723737 
21 8 16 21 0.13377728 
984 463 8 9 0.11612159 
20 18 17 22 0.115464434 
1008 464 7 9 0.05355783 
52 11 22 27 0.05021095 
953 439 7 9 0.04887472 
205 5 13 15 0.04782537 
960 488 8 10 0.04658998 
981 455 8 10 0.044825274 
924 430 8 9 0.044019762 
950 478 8 10 0.043985434 
1213 445 12 16 0.043808572 
116 19 15 20 0.043086316 
1268 391 14 19 0.04283953 
919 469 9 11 0.038336612 
984 447 8 10 0.037187833 
942 431 8 11 0.03674962 
951 471 8 11 0.033271242 
22 2 11 12 0.03283267 
953 408 8 10 0.032550167 
976 480 7 9 0.03213106 
1215 490 13 15 0.032081544 
943 464 9 11 0.032062963 
10 524 17 21 0.03189628 
598 224 15 17 0.030542463 
990 463 7 9 0.029983914 
937 413 9 11 0.028775563 
943 437 8 10 0.028552985 
938 438 8 9 0.028421465 
1000 463 8 9 0.027904782 
2 20 12 16 0.027470838 
951 464 7 10 0.027155133 
985 468 8 10 0.026657622 
976 439 8 9 0.025997788 
28 31 15 20 0.025328008 
968 463 7 10 0.025196133 
958 534 9 10 0.024826903 
937 566 8 9 0.024717212 
977 462 8 10 0.024435978 
934 479 8 9 0.024261182 
960 479 7 9 0.02408035 
21 28 16 21 0.024056666 
944 469 10 11 0.024025569 
47 693 11 15 0.023951188 
149 21 11 14 0.023550682 
977 430 8 10 0.02351133 
960 456 8 9 0.023149464 
1 742 9 13 0.023038145 
6 185 14 20 0.022417132 
1000 487 8 10 0.021937046 
958 472 8 10 0.021769157 
1214 437 12 15 0.02162752 
981 431 8 9 0.021314938 
1000 425 6 8 0.020959118 
66 6 14 17 0.020935565 
913 415 8 11 0.020926759 
615 169 14 18 0.020883875 
1243 71 16 19 0.020398509 
958 438 8 10 0.020319128 
942 534 9 10 0.020318538 
991 414 7 9 0.020227352 
967 447 7 9 0.020193445 
954 423 8 9 0.020096537 
35 33 14 19 0.02006922 
