b6604692fc4e0803d1fa335691c6ce89_image2
196
229 407 287 355 0.9997867 
75 513 455 529 0.27257383 
1425 582 10 11 0.20217136 
456 1002 54 55 0.12740965 
169 -8 418 466 0.110170074 
1493 568 9 12 0.10890136 
1400 620 9 13 0.095378734 
1424 607 9 11 0.08821145 
846 128 12 14 0.0869013 
1444 580 13 15 0.08565894 
1389 638 9 11 0.085390456 
1511 563 11 13 0.08148522 
1104 129 15 18 0.080609076 
1433 555 10 11 0.07965787 
1427 575 10 12 0.07748889 
1425 588 9 12 0.07521587 
1504 557 10 12 0.07326059 
1528 599 9 12 0.07123512 
1182 130 11 14 0.06782809 
1437 870 15 18 0.06593112 
1527 605 9 12 0.065517694 
1437 553 9 10 0.06534587 
1384 600 9 10 0.06516411 
1118 204 15 18 0.06363249 
1066 127 13 15 0.05961284 
1414 631 9 11 0.05736533 
1456 552 8 9 0.057323366 
1422 854 12 14 0.055705033 
733 653 14 16 0.055644263 
1391 575 8 11 0.054504547 
1423 646 9 11 0.054129742 
1510 596 11 13 0.053129382 
1415 557 9 11 0.05131952 
1493 605 12 14 0.048798025 
1442 677 11 15 0.04819634 
1503 551 9 12 0.04579796 
1491 637 10 12 0.045121282 
1383 615 10 11 0.044569783 
1479 621 8 11 0.04423928 
1446 622 9 11 0.042838376 
1478 565 8 10 0.041776773 
1376 606 10 12 0.04152516 
1385 583 8 9 0.0413781 
1505 583 9 11 0.040109474 
1512 621 10 12 0.040085744 
1462 626 12 14 0.039967 
1509 581 11 12 0.03963845 
1416 552 8 10 0.03890594 
1390 581 9 11 0.038095348 
1488 646 9 12 0.037623465 
1516 559 9 12 0.03744246 
1504 565 9 13 0.03744153 
1487 632 10 13 0.037125867 
1447 598 11 11 0.036850262 
1511 615 9 11 0.036735326 
1413 599 9 11 0.036533624 
1409 598 8 11 0.036265716 
1406 719 10 12 0.0353639 
1502 612 10 13 0.03534593 
1409 558 8 10 0.035004444 
1464 581 10 12 0.03476897 
1478 615 9 12 0.034520563 
1502 606 11 12 0.034362517 
1384 567 7 10 0.034304805 
1359 600 9 11 0.034244128 
1368 575 7 10 0.034130074 
1408 574 8 10 0.034111988 
1408 654 9 12 0.03405899 
1470 576 9 11 0.034056563 
1424 598 10 12 0.034047037 
1431 623 9 10 0.03392346 
1504 598 10 12 0.033653222 
1455 557 10 11 0.033435278 
1581 608 9 10 0.03279856 
1399 717 10 12 0.032751456 
1409 551 8 10 0.032011118 
1511 574 10 12 0.031979416 
1492 598 11 13 0.031692613 
1404 621 10 13 0.031683467 
1489 566 10 12 0.03134158 
1385 575 8 10 0.030741204 
1368 582 8 10 0.030558595 
814 1245 9 10 0.030215535 
1430 643 11 13 0.030141948 
1526 575 9 11 0.03006109 
1415 635 10 12 0.02994158 
1374 636 10 12 0.029691068 
1414 574 9 11 0.02963865 
1393 558 8 9 0.029384246 
1465 575 8 11 0.029352972 
1381 603 11 12 0.029348042 
1439 565 10 12 0.029167663 
1520 607 10 12 0.028984439 
1479 560 8 10 0.028838785 
1179 667 479 521 0.028757017 
1479 638 8 12 0.028627887 
1408 566 8 11 0.028316306 
1441 587 10 12 0.028048128 
1487 590 10 12 0.027883423 
1083 127 14 17 0.027779393 
1405 647 10 12 0.027590644 
1468 629 10 13 0.02757837 
1389 598 8 10 0.027163899 
1438 623 9 11 0.027050748 
1488 572 12 14 0.026997074 
1335 624 8 9 0.026859317 
1537 579 9 12 0.02685349 
1455 668 10 12 0.026816232 
1488 613 12 14 0.026649972 
1400 653 9 11 0.026621107 
1497 550 9 10 0.026572384 
1376 599 10 11 0.026429398 
1407 862 11 13 0.026204135 
1390 615 9 12 0.026200145 
1457 622 10 12 0.025761483 
1374 576 9 10 0.025745435 
1409 831 9 11 0.025737952 
1399 597 9 10 0.025684593 
1371 758 10 13 0.025635442 
1368 637 10 13 0.025496561 
305 110 44 49 0.025495851 
1463 589 10 11 0.025432251 
1349 631 9 11 0.025330747 
1407 605 10 12 0.025319953 
1473 567 8 9 0.02529778 
1390 591 8 10 0.025108878 
1537 638 10 13 0.02508216 
1441 645 10 13 0.025074108 
1414 605 9 12 0.02489624 
1406 584 9 11 0.024862206 
1509 648 11 12 0.024821376 
1401 646 9 12 0.024771444 
1374 655 9 11 0.024758045 
1370 724 11 14 0.024651406 
1504 637 10 11 0.02451476 
1518 613 10 12 0.024247922 
1543 579 9 11 0.024161024 
1570 574 9 12 0.024131838 
1511 670 10 11 0.024071138 
1492 589 11 12 0.0237924 
1375 591 8 10 0.023762055 
1393 711 10 11 0.023730166 
980 310 13 17 0.02365273 
860 652 13 15 0.023618933 
1487 560 8 10 0.023604492 
1399 590 9 11 0.023520717 
805 201 17 18 0.023362346 
1494 580 9 12 0.023360755 
1411 659 9 12 0.023352688 
1515 591 10 12 0.023351649 
1374 582 8 10 0.023222156 
1429 664 9 11 0.023184653 
1356 581 10 13 0.023152156 
1448 604 9 11 0.023037937 
1369 589 8 10 0.022997312 
1409 627 9 13 0.022917887 
1491 631 12 13 0.022903217 
1376 558 9 12 0.022720579 
1376 564 9 11 0.022691572 
1416 646 10 11 0.022626268 
1393 669 10 12 0.022588989 
1479 646 9 12 0.022395395 
1398 575 8 10 0.022339758 
1388 645 10 12 0.022339309 
1408 589 9 11 0.022335669 
1415 581 9 11 0.02229933 
1537 612 10 12 0.022270715 
862 127 12 15 0.022034114 
1440 574 10 12 0.02195537 
1417 854 10 13 0.021759206 
1366 566 8 10 0.021690264 
1559 583 8 10 0.021657312 
1480 631 8 11 0.021648383 
1406 855 10 11 0.02163141 
1503 678 11 14 0.021613104 
1421 551 9 11 0.02156505 
1517 597 10 12 0.021482846 
1389 728 10 12 0.021412537 
1390 630 10 12 0.02138855 
1422 630 9 11 0.021344848 
1549 581 9 10 0.021181244 
1488 654 10 11 0.021168089 
1381 699 11 13 0.021145238 
1337 709 9 11 0.021073043 
1413 591 9 11 0.021053202 
1509 606 9 11 0.021036364 
1430 628 10 12 0.021019306 
1505 589 10 13 0.020964516 
1480 863 11 11 0.020743199 
1382 -28 465 450 0.020353917 
1480 590 9 11 0.020297728 
1446 629 9 11 0.020212227 
1494 654 10 12 0.020188468 
1492 617 13 16 0.02006846 
1391 567 8 10 0.020038398 
1398 558 8 10 0.020011514 
