b67edda03a872a27c85e6ec8714787b7_image2
122
260 552 163 239 0.89710623 
140 822 28 29 0.17730579 
1360 6 393 419 0.1251048 
1464 848 9 11 0.08808527 
1502 820 11 13 0.084275864 
1473 777 9 11 0.078604646 
100 5 426 490 0.07721955 
1385 744 14 18 0.05812771 
1465 807 8 11 0.052541208 
1463 766 9 10 0.050072085 
646 861 13 14 0.048966516 
1462 829 9 11 0.04808159 
1298 589 493 491 0.047039803 
152 817 22 30 0.046841983 
940 257 16 17 0.04677628 
1428 750 10 11 0.04585524 
1474 758 8 10 0.045529403 
1457 831 9 11 0.042556304 
1455 839 8 10 0.04187162 
1431 767 10 11 0.04118411 
1480 845 8 10 0.04114517 
1445 822 9 11 0.039793786 
1446 813 11 13 0.039542165 
1470 807 8 10 0.03931893 
1052 257 14 17 0.039170343 
1487 768 9 10 0.03848521 
132 823 21 24 0.03821075 
1427 882 15 18 0.035718832 
1497 814 9 11 0.03511278 
1517 630 9 11 0.035004053 
1453 788 10 12 0.034867983 
1487 831 8 10 0.033284776 
1477 782 9 10 0.033000097 
1423 848 10 11 0.03262172 
1488 807 8 10 0.032587297 
1466 813 8 10 0.032432687 
1471 815 9 10 0.03204953 
1448 767 9 10 0.031485297 
1457 864 8 10 0.03142087 
1437 768 9 10 0.031152667 
1512 799 9 11 0.031129705 
1415 767 9 11 0.031085884 
1521 823 9 11 0.030275146 
1502 774 9 10 0.030273212 
1477 816 9 10 0.03017389 
1504 847 9 10 0.03014224 
1486 846 9 11 0.029900923 
1503 791 8 9 0.029829912 
1503 839 9 11 0.02979281 
1494 838 9 11 0.029768853 
1512 784 9 9 0.02954365 
1498 821 10 11 0.029447809 
1478 686 9 11 0.029301366 
1495 807 9 11 0.0292376 
1409 774 9 11 0.029174065 
1439 838 9 11 0.028519427 
1408 798 7 10 0.02801031 
1424 767 8 11 0.027973011 
1473 764 9 10 0.027614964 
1393 791 8 9 0.027110385 
1399 790 8 10 0.02675207 
1505 664 8 9 0.026319958 
1479 670 9 10 0.026305843 
1469 847 9 11 0.026173037 
1470 798 9 11 0.02613504 
1448 772 9 11 0.025990091 
1431 773 9 11 0.025912989 
1471 791 9 11 0.025551936 
1414 758 9 11 0.02535161 
1479 807 8 10 0.025076345 
1132 -21 476 384 0.025070481 
1471 655 9 10 0.024964558 
1438 758 9 10 0.02490036 
1479 828 10 12 0.024875121 
198 778 13 18 0.024863118 
1487 790 9 10 0.024600882 
1478 821 10 12 0.024328854 
1470 831 9 10 0.024277994 
1456 784 9 11 0.02427132 
212 756 12 15 0.02425634 
1398 766 9 11 0.024059856 
1455 759 8 10 0.024054581 
1463 824 8 10 0.02394665 
1424 774 8 11 0.02381649 
1414 737 9 10 0.023783261 
1469 622 9 10 0.023481194 
1472 837 9 11 0.023382539 
1440 831 8 11 0.023382088 
726 713 14 16 0.02331402 
1502 808 9 10 0.02330525 
1528 766 8 10 0.023064861 
736 228 460 401 0.023060955 
1454 845 10 12 0.02305375 
1480 790 8 10 0.023008017 
1479 898 14 18 0.02297906 
1501 829 10 11 0.02260606 
1416 741 9 10 0.022555383 
1517 798 9 11 0.0217215 
1348 764 11 12 0.021714587 
1492 648 10 11 0.021679845 
1520 816 9 10 0.021576583 
1448 759 8 9 0.021481464 
1438 773 8 10 0.02147704 
158 813 15 21 0.021274041 
1135 65 27 30 0.021246169 
1502 769 9 10 0.02123289 
1494 784 9 10 0.021173097 
1399 772 8 11 0.021165056 
1413 773 10 12 0.02111562 
1496 856 9 11 0.021104058 
1471 751 9 11 0.021068012 
1422 585 11 14 0.02094181 
1438 855 9 11 0.020857623 
649 252 17 22 0.020851266 
1425 869 9 10 0.020736216 
1448 840 8 11 0.020718569 
1431 758 9 10 0.020654427 
1409 830 10 11 0.020616036 
1448 845 9 12 0.020527937 
1451 814 10 11 0.020493722 
1449 790 10 11 0.020328203 
1471 821 8 11 0.020214913 
