b6bad831f077f8db7349ae251c04a795_image2
22
126 403 160 226 0.9970209 
730 180 19 22 0.1743009 
601 184 15 19 0.15302391 
533 352 13 15 0.06962328 
839 100 13 17 0.040457524 
1234 710 9 12 0.03298584 
462 281 22 25 0.032191608 
757 104 14 18 0.032046597 
709 352 14 15 0.028857661 
-20 -57 417 494 0.02827645 
476 785 15 16 0.026661575 
1168 707 10 12 0.025129274 
953 102 16 19 0.024725126 
1296 686 9 9 0.023885395 
863 782 17 19 0.023509726 
1070 554 479 473 0.022845197 
685 183 13 18 0.02238173 
-24 489 485 600 0.022030547 
1249 703 8 10 0.02195886 
1191 663 8 10 0.020594895 
439 338 15 16 0.020313561 
1202 609 8 9 0.02017219 
