b7f78cc7dc0c33bcdc0349df144162dc_image2
26
272 311 103 137 0.9991154 
301 90 12 14 0.15069173 
309 109 13 18 0.14946425 
1073 522 14 16 0.08312692 
1077 546 12 16 0.074017495 
286 116 11 15 0.06921155 
318 87 13 16 0.06450944 
1078 617 11 15 0.059789956 
305 108 12 16 0.042710166 
478 378 464 542 0.04179704 
1056 591 9 10 0.037712637 
297 88 11 13 0.03455579 
292 112 10 12 0.032944024 
308 104 12 14 0.03110727 
304 97 22 28 0.028550299 
676 175 15 17 0.028199168 
285 87 10 13 0.027064567 
311 82 24 29 0.026885059 
294 86 22 26 0.026636776 
282 118 10 14 0.02628489 
1032 541 10 12 0.023058625 
468 242 14 19 0.021591678 
730 398 422 516 0.021256348 
1091 526 16 18 0.021022404 
822 172 12 14 0.02057624 
1007 567 9 11 0.020310694 
