b81691525e0dd8c437be03adac3fef70_image2
385
172 347 126 152 0.9998325 
1349 814 9 10 0.327465 
1328 808 8 9 0.21837465 
1350 742 9 10 0.18683833 
1365 815 8 9 0.18261981 
1277 814 9 10 0.18078522 
1389 815 10 12 0.1766311 
539 669 442 501 0.15546979 
1289 758 9 10 0.15067643 
1321 799 8 9 0.14292277 
1306 784 8 9 0.14245524 
1333 766 9 10 0.1371846 
1422 809 10 12 0.13508682 
1351 823 9 11 0.13083763 
1351 738 9 10 0.12971725 
1360 776 8 8 0.1286445 
1346 775 7 9 0.12772617 
1277 742 8 10 0.116306856 
1342 725 10 10 0.11554523 
1310 783 7 10 0.11404628 
1272 783 8 10 0.11158757 
1377 776 8 9 0.11025058 
1326 710 9 10 0.108170256 
1342 752 7 9 0.1081362 
1320 784 8 10 0.10767933 
1327 823 8 9 0.107594445 
1293 743 7 9 0.10631248 
1306 759 8 10 0.1057904 
1350 775 8 9 0.10570656 
1335 807 8 10 0.105348244 
1335 759 9 11 0.10244653 
1328 815 8 9 0.10211061 
1321 791 8 10 0.10025176 
1343 688 9 10 0.09855298 
1313 816 8 9 0.09480722 
1377 793 8 10 0.093696386 
1296 775 8 9 0.08775196 
1369 759 9 9 0.08695585 
1385 821 10 12 0.08694236 
1337 790 9 10 0.086622044 
1293 751 9 10 0.08637641 
1365 718 9 10 0.08377766 
1288 790 7 9 0.08321375 
1304 807 8 9 0.08320222 
1367 829 8 10 0.082990065 
1292 735 9 11 0.08274593 
1319 752 9 10 0.082493074 
1352 829 8 9 0.08181817 
1337 831 9 11 0.081150495 
1312 775 8 10 0.08083794 
555 183 15 16 0.08082781 
1295 829 8 10 0.08081354 
1303 791 8 10 0.08073512 
1353 750 8 9 0.07861879 
1325 799 9 10 0.07844012 
1249 823 9 11 0.07837111 
1340 756 9 11 0.077893585 
1384 769 8 9 0.0776766 
1289 808 7 9 0.07725762 
1333 775 8 10 0.0768234 
1278 840 8 10 0.076490864 
1341 832 9 11 0.07621048 
1303 799 7 9 0.0758646 
1364 807 9 10 0.075611815 
1317 816 8 10 0.07532263 
1270 760 10 11 0.074419305 
1336 799 9 11 0.074279524 
1305 823 8 10 0.07383085 
1325 784 9 9 0.072662584 
1345 783 8 10 0.07144836 
1310 822 8 11 0.07075087 
1272 719 7 9 0.07068109 
1391 757 9 10 0.07029281 
1318 805 9 11 0.0686847 
1277 736 9 10 0.06851168 
1343 808 10 10 0.068267934 
1392 753 8 9 0.06814122 
1289 784 8 10 0.067761265 
1302 712 8 10 0.06735149 
1293 809 8 9 0.06735041 
1312 806 8 10 0.06722867 
1385 784 8 9 0.06689886 
1296 790 8 10 0.0667139 
1253 829 9 10 0.06523405 
1382 791 9 11 0.06497887 
1330 767 8 10 0.0639401 
1246 800 9 10 0.06361371 
1310 766 8 11 0.06352881 
1321 758 8 10 0.06300025 
758 117 10 13 0.061687928 
1310 838 9 11 0.061668552 
1265 799 8 9 0.06130248 
1272 789 7 9 0.060799398 
1366 783 8 9 0.06013317 
1364 800 9 10 0.0600988 
1319 776 8 9 0.060071487 
1294 702 8 10 0.059526782 
1279 822 8 9 0.059520777 
1328 775 9 10 0.059191555 
1341 837 9 11 0.058702845 
1305 829 10 10 0.057716943 
1304 816 8 9 0.05718882 
1288 727 9 10 0.056948863 
1247 839 9 10 0.05679346 
1319 822 8 10 0.05655415 
1297 799 8 9 0.056031503 
1290 751 8 11 0.05590606 
1254 808 8 9 0.055866607 
1335 668 8 10 0.055505812 
1238 815 8 9 0.054015912 
1349 783 8 10 0.05395737 
1401 769 7 8 0.053924073 
1326 846 9 11 0.053627227 
1335 824 8 9 0.053605013 
1385 830 8 10 0.053262383 
1344 721 10 11 0.053093456 
1367 734 8 9 0.052602384 
1265 752 7 9 0.052582808 
1350 663 9 11 0.051932268 
1352 767 8 10 0.051713835 
1361 728 9 10 0.05105654 
1273 742 8 9 0.050891586 
1352 790 8 10 0.05028855 
1361 718 9 10 0.05011055 
1369 766 8 10 0.05010827 
1294 728 8 9 0.050037116 
1294 814 8 9 0.049448337 
1399 831 9 10 0.04941994 
1355 759 8 9 0.048646238 
1312 744 9 9 0.04863137 
1320 688 8 10 0.048492283 
1302 719 9 10 0.048465222 
1305 766 9 11 0.048415594 
1380 797 9 11 0.04817944 
1241 800 8 9 0.04802858 
1289 687 9 10 0.04751683 
1328 759 8 10 0.047430098 
1319 768 8 9 0.047235977 
1287 764 9 10 0.0468073 
1294 825 9 9 0.046781156 
1377 710 8 9 0.046260692 
1297 719 7 9 0.046216752 
1231 798 7 9 0.045966357 
1318 720 9 10 0.04594064 
1312 703 8 8 0.045289345 
1335 743 8 9 0.045249898 
1351 670 9 11 0.045183755 
1265 807 8 9 0.045077257 
1238 791 7 8 0.044813436 
1366 824 9 10 0.044731498 
1311 790 8 10 0.0446589 
1289 775 8 10 0.044302043 
1281 831 8 10 0.044213224 
1371 703 8 10 0.044004746 
1305 869 9 11 0.043985832 
1303 776 8 10 0.043840904 
1318 725 9 10 0.043734893 
1237 783 9 10 0.043408033 
1344 768 8 9 0.04335644 
1334 654 8 10 0.04312296 
1256 728 8 10 0.04285995 
1265 828 9 11 0.04285246 
1361 782 9 10 0.04277043 
1385 743 8 10 0.042704817 
1359 712 8 9 0.042241175 
1255 790 8 10 0.0422378 
1334 814 9 10 0.04223637 
1278 809 8 10 0.04160487 
1174 28 288 289 0.041501585 
1368 743 8 9 0.04132107 
1345 744 8 9 0.04126697 
1290 702 8 10 0.04113813 
667 181 14 17 0.041135885 
1281 799 7 9 0.041130092 
1302 848 10 11 0.04106594 
1247 767 9 10 0.04071796 
1303 752 8 9 0.040666535 
1342 799 9 10 0.04066076 
1295 768 8 10 0.040649455 
1321 846 9 11 0.039615452 
1263 815 9 10 0.039382283 
1312 800 8 9 0.039375395 
1240 840 9 10 0.039075717 
1391 808 8 10 0.03904081 
1345 692 9 11 0.039017975 
1381 712 8 9 0.038736776 
1301 852 10 11 0.03846266 
1257 783 8 10 0.038395427 
1375 822 8 10 0.03817521 
1290 694 9 11 0.0380429 
1311 737 9 9 0.037941724 
1264 823 9 10 0.03760796 
1385 696 6 9 0.037174765 
1342 704 9 11 0.037077297 
1386 759 8 9 0.036751427 
1367 791 8 10 0.036357112 
1353 848 9 10 0.036350325 
1346 663 8 10 0.036200423 
1274 736 7 9 0.036047332 
1319 672 9 10 0.0358834 
179 118 38 50 0.035755057 
1272 807 8 10 0.035710048 
1286 712 8 9 0.03561886 
1327 831 8 10 0.03560904 
1325 752 8 9 0.0355828 
1326 839 9 10 0.03557203 
1204 741 9 10 0.035300087 
1335 784 9 10 0.035005346 
1383 775 8 10 0.034996036 
1359 825 8 9 0.034782395 
1254 751 8 10 0.034735043 
1270 799 7 9 0.03440106 
1359 791 9 9 0.03438467 
1201 718 8 9 0.034350637 
1265 847 7 9 0.03434961 
1358 735 9 9 0.034311336 
1353 703 9 10 0.034123234 
1224 800 7 9 0.03402548 
1287 799 8 10 0.034010276 
1405 848 9 10 0.033711627 
1326 703 10 12 0.033513296 
1327 742 9 9 0.03349029 
1298 711 8 10 0.03343369 
1289 813 8 10 0.03294208 
1311 751 9 10 0.032927774 
1258 678 6 8 0.032917883 
1232 760 7 9 0.032808345 
1310 864 9 11 0.032688357 
1233 792 8 9 0.03260576 
1248 791 8 9 0.03256762 
1376 781 8 9 0.03227203 
1304 688 7 8 0.032263976 
1276 783 9 10 0.03218752 
1256 776 8 9 0.031997018 
1366 776 8 9 0.031961232 
1341 680 8 9 0.03181387 
1358 841 9 9 0.031788614 
1278 749 8 10 0.031774983 
1289 823 7 9 0.031768896 
1325 695 10 10 0.031718522 
1357 703 9 10 0.031560697 
1264 759 9 10 0.031559154 
1368 848 8 9 0.031530656 
1263 774 8 10 0.031428948 
1402 846 8 10 0.031421755 
1390 768 8 10 0.03141715 
1249 774 8 10 0.03131957 
1264 766 9 10 0.031230321 
1400 807 7 10 0.031199861 
1368 752 9 10 0.031163953 
1344 823 9 10 0.031118475 
1393 839 7 9 0.031066043 
1325 688 9 10 0.031016821 
1269 830 8 9 0.030946948 
1249 727 8 10 0.030866144 
1279 767 8 10 0.0307569 
1389 790 9 11 0.03065264 
1358 768 9 9 0.030384552 
1358 752 9 10 0.030263204 
1390 773 8 10 0.030218976 
1256 734 8 9 0.030210521 
1351 799 8 10 0.03010318 
1274 846 8 10 0.029990578 
1432 796 9 11 0.029969519 
1255 815 8 9 0.029902598 
1278 728 8 9 0.02970969 
1337 705 8 11 0.029669508 
1337 679 8 9 0.029630834 
1287 718 8 9 0.029500503 
1264 745 7 9 0.029111344 
1294 783 8 10 0.029099243 
192 143 36 38 0.02863399 
1423 820 10 11 0.028427627 
1262 783 8 9 0.028215313 
1264 719 7 9 0.028203031 
1408 767 9 10 0.028145142 
1353 675 9 11 0.028102562 
1295 863 8 9 0.028008312 
1342 854 9 10 0.027992971 
1263 791 8 9 0.027893642 
1333 736 8 9 0.027829304 
1222 807 8 10 0.027343154 
1318 839 9 11 0.027285991 
1353 839 8 9 0.027204372 
1287 854 8 10 0.027180474 
1327 664 9 10 0.027131496 
1311 844 8 11 0.027116302 
1249 751 8 10 0.027086314 
1270 824 8 10 0.027044125 
1398 839 9 10 0.026794301 
1229 830 9 10 0.026643781 
1391 726 8 9 0.026448984 
1279 863 7 10 0.026418794 
1254 799 7 9 0.026369825 
1246 703 8 9 0.026117938 
1333 848 9 10 0.025796587 
1312 720 8 9 0.025664484 
1325 679 9 9 0.025635645 
1360 695 8 9 0.025579497 
1233 815 9 9 0.025382774 
1249 655 9 9 0.025285283 
1256 758 7 10 0.025267903 
1287 832 9 10 0.025214024 
1375 817 9 9 0.0251512 
1248 816 8 9 0.025041455 
1326 670 8 10 0.02502458 
1375 768 9 10 0.024999881 
1440 798 9 12 0.02477686 
1319 735 9 10 0.024757348 
1312 710 8 10 0.024714546 
1336 726 9 11 0.024708973 
1255 744 8 9 0.02465305 
1320 856 8 10 0.024590215 
1390 744 8 9 0.0245834 
1337 686 8 11 0.024515979 
1327 737 9 9 0.024298303 
1286 847 8 10 0.024194153 
1249 855 9 10 0.024143325 
1239 820 9 11 0.02413127 
1297 847 9 11 0.024119548 
1384 807 8 10 0.02396563 
1320 830 8 10 0.023864748 
1367 695 7 9 0.023808373 
1222 718 8 9 0.023752483 
1201 828 9 11 0.023650115 
1375 840 9 10 0.023604404 
1248 759 8 10 0.023577208 
1376 805 10 10 0.023466848 
1370 855 9 9 0.02334988 
1337 710 7 9 0.023301998 
1272 704 7 9 0.023285052 
1285 838 10 11 0.023047514 
1408 759 9 10 0.022955602 
1318 694 9 9 0.022923287 
1391 797 9 10 0.022896389 
1335 853 8 10 0.022858737 
1303 736 9 10 0.022782883 
1352 861 9 11 0.022671333 
1256 711 7 9 0.022662725 
1350 688 9 10 0.022518853 
1313 696 8 9 0.02251155 
1278 678 7 9 0.022458633 
1358 743 10 10 0.02241961 
1232 839 8 10 0.022396356 
577 385 572 415 0.022303231 
1280 791 8 8 0.02227069 
1271 776 9 10 0.022209719 
1240 750 7 9 0.02207601 
1400 815 8 10 0.021941898 
1262 678 7 8 0.021736288 
1233 808 8 9 0.021717995 
1217 712 8 9 0.021679733 
1391 830 9 10 0.021615796 
1376 719 8 9 0.0215667 
1414 766 8 11 0.021553148 
1304 743 9 9 0.021495495 
1247 845 9 9 0.021484554 
1401 791 8 11 0.021325696 
1278 775 8 9 0.021247102 
1241 844 8 10 0.02121913 
1352 853 10 11 0.021076368 
1279 703 7 9 0.021074004 
1264 839 8 10 0.02098912 
1273 725 8 10 0.02094923 
1263 710 8 9 0.020841252 
1407 815 8 11 0.02074266 
1254 837 8 10 0.020685814 
1229 823 10 11 0.020533752 
1398 751 8 10 0.020497944 
1248 719 7 8 0.020456847 
1413 783 8 10 0.02045355 
1431 813 8 11 0.020398013 
1431 822 8 11 0.020372702 
1271 751 8 10 0.020330729 
1225 847 8 9 0.020309646 
1288 862 8 10 0.020301385 
1407 807 8 10 0.020277975 
1365 726 9 11 0.020205282 
1342 710 10 10 0.02019966 
1348 877 10 14 0.02018956 
1319 862 9 11 0.020167612 
1415 743 8 9 0.020090805 
1350 725 9 11 0.020049132 
1385 724 8 10 0.020041892 
1418 814 9 11 0.020032313 
