b9b20a9ff7ba6827c32c837bc937ef20_image2
36
103 204 106 144 0.9998561 
460 559 14 19 0.29061806 
849 319 7 10 0.043434672 
483 558 13 18 0.038528938 
733 557 15 18 0.037125807 
802 327 7 9 0.03376054 
853 320 7 10 0.032889985 
834 326 8 9 0.032667376 
854 325 7 9 0.030936135 
808 304 8 9 0.030891173 
785 313 8 10 0.030162444 
764 556 13 16 0.029702032 
817 327 7 10 0.029025737 
854 381 9 10 0.028991682 
839 335 7 10 0.027538693 
801 320 7 9 0.027117355 
824 311 7 9 0.02609845 
848 336 7 8 0.025605608 
809 311 7 10 0.025339672 
801 341 9 10 0.02506766 
761 359 7 8 0.023851689 
822 334 8 10 0.023768142 
865 334 8 10 0.023671782 
769 334 8 9 0.023538819 
824 304 7 9 0.023220005 
863 311 8 9 0.022411356 
817 334 8 10 0.022106236 
115 55 42 53 0.021890547 
866 326 8 11 0.021592222 
824 343 8 9 0.02158216 
818 352 7 9 0.021164738 
854 390 8 10 0.021028403 
775 377 7 8 0.020495169 
736 375 7 9 0.0204559 
832 343 7 9 0.020339504 
816 312 7 9 0.020114828 
