b9bc9a5c0fd934637903e1cb1495c12a_image2
24
330 521 141 187 0.9994783 
252 697 51 66 0.15173632 
1314 703 9 11 0.0472942 
287 717 12 14 0.039869085 
263 766 31 35 0.03529483 
1304 782 9 11 0.032910053 
1320 736 10 12 0.032772023 
1296 910 14 19 0.032636214 
1287 717 10 12 0.03217781 
1281 678 8 10 0.02976702 
1321 725 9 11 0.02494927 
1225 783 9 11 0.023247506 
1298 701 10 13 0.022747736 
1214 774 8 10 0.022550175 
1360 711 9 10 0.022439128 
358 295 10 11 0.022238782 
1045 383 17 20 0.022196934 
1183 711 10 11 0.02194983 
1313 709 8 11 0.021407574 
409 295 8 11 0.02137219 
1278 781 10 11 0.021307498 
1229 692 8 11 0.020879965 
1273 776 10 11 0.020311782 
1185 717 9 10 0.02027638 
