bd0f95c7aa2e2785d593a9432031044e_image2
90
323 368 123 170 0.99976593 
1033 439 8 9 0.10057261 
1049 448 7 9 0.072463766 
1062 471 9 9 0.06863534 
986 471 7 9 0.06377318 
1039 462 7 9 0.063354574 
1049 431 8 10 0.062282603 
1049 479 7 10 0.056086633 
1047 454 8 9 0.05398493 
360 174 9 11 0.053821605 
1056 464 7 9 0.052023873 
1056 488 8 9 0.051562004 
1025 455 7 9 0.05006258 
1037 439 7 9 0.047020655 
1049 463 7 9 0.045475062 
1014 479 7 9 0.045192007 
1072 480 8 9 0.043564543 
1040 456 7 9 0.042298432 
1001 486 8 10 0.042127833 
1007 454 7 8 0.04084741 
1016 439 7 9 0.039393473 
1062 464 9 10 0.039273545 
1008 439 6 9 0.037670158 
1049 486 8 10 0.03682554 
1033 518 8 11 0.035897523 
989 472 8 10 0.034712937 
1104 536 7 9 0.034178663 
1062 487 9 10 0.032579433 
1031 456 8 10 0.03243551 
1039 415 8 10 0.032183614 
1050 517 10 12 0.031584024 
1054 449 8 9 0.03136301 
1054 479 8 10 0.031332258 
1025 462 7 9 0.031230604 
1033 463 7 9 0.03061608 
1102 455 8 10 0.030259086 
975 478 8 10 0.029746465 
1041 478 7 9 0.029363928 
1006 464 8 9 0.029255316 
1064 479 8 9 0.029127076 
1032 471 7 9 0.029102325 
1001 478 8 10 0.02901807 
1018 495 8 9 0.028876498 
1039 471 7 9 0.02882759 
1033 433 7 9 0.028400157 
1018 446 7 9 0.028177453 
320 176 9 10 0.028172879 
1039 447 7 8 0.02802815 
1064 441 7 8 0.027712632 
1024 503 7 9 0.027373351 
1087 456 8 9 0.026806185 
1056 471 8 9 0.026650587 
1063 455 8 8 0.026470967 
1001 465 8 9 0.026329204 
1080 472 7 9 0.026300898 
1049 471 7 9 0.026256073 
1064 448 8 9 0.026207604 
1098 455 7 9 0.025723433 
1001 448 7 9 0.025634022 
1065 429 8 9 0.025052607 
1054 439 8 8 0.02498783 
1006 470 8 9 0.024897221 
1002 470 8 10 0.024874024 
1039 495 8 9 0.024866657 
1001 509 8 11 0.024715247 
1071 431 7 9 0.024520237 
1047 503 7 9 0.024456691 
1033 445 8 9 0.024362026 
985 495 8 10 0.024308862 
962 517 9 11 0.023751598 
1016 464 7 8 0.023433724 
990 487 7 9 0.022929162 
1079 479 8 10 0.022811223 
1005 486 8 10 0.02261934 
1064 424 8 9 0.022085704 
1071 485 8 10 0.021892715 
1033 488 7 8 0.021804908 
1071 416 7 9 0.021557143 
1066 417 7 8 0.021479616 
1007 478 8 10 0.021417104 
20 -6 241 218 0.021261785 
1088 472 8 9 0.021248493 
1049 437 8 10 0.021020409 
1015 431 8 10 0.020822227 
1056 454 7 9 0.020673389 
999 503 8 10 0.020647898 
1005 448 8 9 0.020610904 
1022 447 7 9 0.020235814 
351 190 10 12 0.020146573 
1016 486 7 9 0.020108053 
