bd88f14ab44f5060b823ef31e710682f_image2
19
268 541 107 132 0.9989618 
683 385 13 17 0.08689268 
717 332 9 11 0.069138765 
1245 686 353 466 0.06476445 
740 334 10 12 0.055546522 
703 335 9 13 0.043897588 
915 938 16 17 0.039929256 
758 335 8 10 0.037585273 
187 113 401 533 0.037437905 
752 382 11 12 0.0369515 
1093 89 352 426 0.03514014 
712 333 11 13 0.028081398 
1099 573 459 440 0.028069833 
806 381 12 13 0.026051922 
830 380 11 12 0.02450116 
716 339 10 12 0.023976935 
590 388 14 15 0.021905305 
648 338 11 12 0.020546453 
729 331 9 12 0.020288903 
