be940e6e56c40dfd0955e3f413f109b7_image2
19
206 405 163 210 0.99722964 
712 157 13 16 0.051105667 
245 237 50 58 0.0458344 
1293 511 8 9 0.04090372 
745 164 13 16 0.039852094 
1290 512 7 9 0.038477432 
1329 544 7 9 0.03501094 
1288 584 8 9 0.03418143 
1240 663 9 9 0.029097598 
1297 574 7 10 0.027786687 
1288 560 8 9 0.024552362 
239 135 11 12 0.024189353 
1272 663 7 10 0.02390918 
1289 575 7 9 0.023223406 
1335 541 8 10 0.022612186 
1334 536 9 10 0.021709183 
1273 647 8 9 0.021124447 
1158 701 8 11 0.020344883 
721 649 443 459 0.020130668 
