be9f5e9e992254d3f0339457d1b40015_image2
22
130 191 127 180 0.99272025 
445 590 10 11 0.6375955 
501 59 17 21 0.19058537 
612 59 16 19 0.1299833 
469 591 12 14 0.11783072 
403 596 14 19 0.11418659 
451 58 15 18 0.05635292 
501 589 12 14 0.053795464 
404 592 12 14 0.045306373 
464 590 21 23 0.038225263 
473 593 14 17 0.03434992 
616 592 8 11 0.032350436 
436 603 12 14 0.031073421 
398 597 23 30 0.030487388 
442 584 18 23 0.027634567 
440 594 12 16 0.027069008 
394 123 13 17 0.02690983 
94 190 464 523 0.026446333 
637 597 9 15 0.025419116 
637 58 11 16 0.024326455 
363 282 42 59 0.024108496 
448 615 11 14 0.023624206 
