c0049f30e098492dd5518a62d1a5723f_image2
81
168 430 202 257 0.9996667 
685 489 14 16 0.08379848 
1191 544 7 9 0.06780102 
1205 540 12 13 0.058658343 
1176 556 9 12 0.057002794 
1119 557 8 10 0.05446715 
1247 551 8 9 0.052670404 
1193 551 7 9 0.047946025 
1088 552 9 11 0.047584366 
1177 536 8 10 0.045478106 
1081 1020 44 54 0.04504225 
1201 551 8 10 0.04329813 
1206 550 8 10 0.041360702 
1206 534 11 13 0.04084785 
1240 551 8 9 0.040407237 
1200 518 8 10 0.040116984 
39 18 365 402 0.038323343 
1192 558 7 10 0.038053136 
1225 551 7 10 0.037069578 
1101 558 9 11 0.035751894 
1208 559 9 10 0.035635393 
1216 517 8 10 0.035189793 
1102 554 7 9 0.03490527 
1165 575 8 10 0.033971075 
1288 512 8 9 0.033913128 
1202 535 9 11 0.033266492 
1297 527 8 10 0.033188764 
1225 543 8 9 0.032592002 
1287 517 9 10 0.0325077 
348 1035 37 35 0.031175219 
1153 558 8 11 0.031020414 
1182 542 8 9 0.030588636 
280 1035 33 35 0.03046825 
1192 535 7 9 0.029470952 
1161 574 8 11 0.029139228 
1170 528 6 8 0.029051779 
1272 527 8 10 0.029013991 
1114 552 8 10 0.028404986 
1265 551 9 10 0.027936181 
1256 565 8 11 0.027660126 
1209 528 8 10 0.027371285 
1280 534 8 10 0.027351119 
1280 542 9 10 0.026863571 
1211 534 10 11 0.026837816 
1168 542 7 10 0.026571564 
1142 566 8 10 0.026487848 
1262 536 8 9 0.026445862 
1216 513 8 9 0.026297659 
1288 551 9 10 0.025974909 
1320 529 8 9 0.025794376 
1111 558 9 11 0.024452122 
1229 519 10 11 0.024060663 
1137 575 8 10 0.023770155 
1295 551 9 12 0.023765543 
1154 550 9 12 0.023612076 
1230 552 8 9 0.023489485 
1256 560 8 9 0.023444273 
1422 1020 56 60 0.02334642 
1181 552 8 9 0.023328377 
1303 532 7 10 0.02319833 
1192 527 7 9 0.022848317 
1156 556 10 12 0.022509126 
1202 541 9 11 0.022360899 
1242 541 9 11 0.02226989 
1264 542 8 10 0.021894373 
1241 559 8 10 0.021832792 
1116 88 58 53 0.02181375 
1201 532 21 25 0.021746105 
1288 558 9 10 0.021677738 
1145 520 8 10 0.02146853 
1144 525 8 10 0.021261211 
1286 527 9 11 0.021192297 
1298 534 8 9 0.020820905 
1213 559 9 11 0.02076565 
619 723 392 451 0.020658942 
704 170 11 14 0.02052176 
1097 564 9 11 0.020503689 
1103 574 8 10 0.020494672 
1264 558 8 10 0.020437762 
1312 520 7 10 0.020216102 
1141 548 9 12 0.020156385 
