c00592631dd523d0fa9a555aca542530_image2
28
200 249 149 216 0.9925426 
29 188 13 17 0.10282428 
5 384 13 17 0.06321471 
23 410 12 16 0.05846043 
33 380 13 16 0.051191803 
23 355 11 14 0.048923325 
33 242 12 16 0.04818451 
24 271 11 14 0.04652873 
13 298 11 14 0.045295097 
3 325 11 14 0.035914145 
16 356 11 14 0.03423289 
14 164 11 13 0.033868 
13 110 10 13 0.03170086 
14 609 11 15 0.03158507 
21 497 12 15 0.030810088 
5 107 13 15 0.030372227 
20 578 13 16 0.030289188 
30 462 15 20 0.030097427 
30 324 12 15 0.029237121 
14 438 12 15 0.02833704 
7 60 12 16 0.027315319 
21 363 12 13 0.02535457 
22 373 10 12 0.02327682 
22 444 9 13 0.023202546 
6 343 10 13 0.023116784 
7 55 10 13 0.021534054 
29 349 10 13 0.021211045 
14 124 11 14 0.020673009 
