c0975738a6aa71d6229ccc5edd9d5778_image2
23
231 358 161 207 0.99729496 
757 175 17 19 0.042275485 
1162 693 9 11 0.041126654 
1095 818 14 16 0.03175201 
1185 662 7 10 0.029482724 
1193 671 7 9 0.028593704 
1173 664 9 10 0.027548743 
708 850 14 18 0.027127897 
1202 686 8 10 0.026911605 
1175 648 7 9 0.025488732 
1183 656 8 9 0.02482637 
1153 648 7 9 0.023941021 
1174 680 8 10 0.022182895 
1184 687 9 10 0.02188308 
1192 678 8 10 0.021735072 
1213 703 10 11 0.021503735 
1181 695 10 10 0.021438582 
1159 858 15 18 0.021292984 
1161 638 8 9 0.02086867 
1169 670 8 9 0.02070841 
1143 678 8 9 0.020621786 
1159 672 8 9 0.020511195 
710 857 15 21 0.020272704 
