c129bce254b8dcdc7e6c7ceec7992925_image2
157
286 470 130 165 0.9991591 
1362 760 10 12 0.15381747 
1393 747 9 11 0.10644226 
1375 775 10 11 0.080405265 
1350 752 8 10 0.07730261 
812 592 23 28 0.07078866 
1353 830 8 10 0.07032634 
1369 800 8 10 0.06850993 
1374 692 10 12 0.06725879 
1361 783 9 11 0.063713 
1354 689 12 15 0.0633008 
778 520 14 19 0.06081073 
1396 742 10 12 0.057705034 
1401 687 8 10 0.055565517 
1397 736 9 10 0.053459592 
1366 784 9 10 0.053378027 
1372 806 9 10 0.053321913 
1351 795 10 12 0.051861852 
1367 727 10 12 0.0508503 
1433 677 8 10 0.049013615 
1336 885 9 11 0.048934117 
731 338 14 17 0.047158364 
1335 766 9 10 0.04658502 
1349 757 9 11 0.046318907 
1398 748 8 11 0.04538759 
1400 719 8 10 0.044573367 
1382 736 8 10 0.04449912 
1345 848 7 9 0.044024568 
1372 791 10 10 0.04341385 
1360 773 10 11 0.042576235 
1333 837 10 11 0.04255797 
1368 791 8 10 0.042148918 
1352 903 10 12 0.041796677 
1423 725 9 12 0.040884245 
1366 719 9 10 0.04047191 
1391 765 8 10 0.04041784 
1352 816 7 9 0.04034038 
1391 728 8 10 0.040303864 
1361 719 9 10 0.03941675 
1345 751 9 11 0.03918972 
1405 718 8 10 0.03814886 
1406 758 9 11 0.037416603 
1358 823 8 11 0.037214525 
1374 759 9 10 0.037173156 
1391 711 9 11 0.037077904 
1367 775 9 11 0.036909558 
1359 847 8 10 0.036881976 
869 272 12 15 0.036715697 
1376 768 9 10 0.036698963 
1383 741 9 11 0.036623254 
1456 687 8 10 0.036338158 
1374 782 10 11 0.03630498 
1405 725 8 11 0.03613486 
1409 776 8 9 0.035806693 
1416 757 9 11 0.03576896 
1344 765 8 11 0.03576537 
1383 728 9 10 0.03535549 
1299 30 16 21 0.035326526 
1385 672 8 9 0.03521904 
1358 741 9 11 0.0351923 
50 605 515 377 0.035176415 
1401 759 9 10 0.03453306 
1351 767 8 10 0.03400485 
1414 736 9 10 0.033826545 
1352 733 9 11 0.03318213 
1334 742 9 12 0.032999966 
1408 679 9 11 0.032775287 
1350 711 9 10 0.03268528 
1369 688 9 12 0.032223474 
1383 759 9 10 0.032056037 
1416 792 9 10 0.031967696 
1407 704 8 10 0.03180278 
1382 775 9 11 0.03138557 
1351 847 9 11 0.03124576 
1343 886 7 9 0.031003974 
1374 752 8 9 0.030429605 
1376 734 9 11 0.029869007 
1375 700 10 12 0.029836982 
1303 831 7 9 0.029664347 
1357 734 9 10 0.029538613 
1406 683 10 12 0.029237173 
1407 711 8 8 0.02903532 
1335 748 8 11 0.028939134 
1391 673 7 9 0.028826367 
1344 744 8 10 0.028723037 
1313 862 8 10 0.028464 
1368 838 8 10 0.028155817 
1415 679 8 10 0.028033372 
1385 797 9 11 0.027983204 
1383 781 10 10 0.027897304 
1400 726 9 11 0.02786015 
1331 733 10 12 0.02781987 
1320 911 9 11 0.027255911 
1429 710 8 10 0.027194861 
1384 719 8 10 0.026980484 
1328 759 7 10 0.026630305 
1438 679 9 10 0.026564801 
1374 727 9 12 0.026428673 
1391 696 8 10 0.026426364 
1366 847 8 10 0.026395747 
1384 678 8 10 0.026284967 
1369 814 8 10 0.026194148 
1367 864 8 9 0.026153155 
1350 727 10 12 0.026136022 
1353 836 8 10 0.026095174 
1353 823 8 11 0.026093055 
1415 751 9 10 0.025806013 
1366 712 10 11 0.025698617 
1368 879 8 10 0.025618948 
1383 766 9 10 0.02547128 
1344 711 8 10 0.025153413 
1376 742 9 10 0.024890335 
1434 686 8 10 0.024709918 
1433 726 8 11 0.024626277 
1414 743 9 10 0.0244444 
1328 872 8 9 0.024443071 
1415 703 8 10 0.02430243 
1424 732 9 11 0.024254227 
1422 687 7 9 0.024200909 
1359 727 9 11 0.02416719 
1359 864 9 10 0.024152929 
1369 678 8 10 0.024126723 
1383 816 8 10 0.023920607 
1392 687 8 11 0.023775844 
1360 870 9 11 0.023439795 
1406 743 10 11 0.023063626 
1406 736 9 10 0.023019241 
1417 718 8 10 0.022843974 
1437 726 10 11 0.022762943 
1408 751 8 10 0.022575675 
1393 716 8 10 0.022447456 
1381 687 10 12 0.02235754 
1390 776 10 11 0.022330943 
1035 273 15 18 0.022272723 
1439 720 9 10 0.0218414 
1399 765 8 11 0.021837905 
1357 829 8 11 0.02178147 
1390 760 9 11 0.021751557 
1387 792 11 12 0.021588873 
48 820 22 30 0.021574209 
1383 702 9 11 0.02147798 
1335 792 7 9 0.021474315 
1369 703 8 11 0.021133373 
1337 910 8 11 0.021106116 
1425 711 8 10 0.021103302 
1425 703 8 10 0.02108477 
1360 751 8 10 0.02105797 
1407 767 8 10 0.02100543 
1358 791 9 10 0.020791793 
1350 774 9 11 0.020647136 
1368 832 8 9 0.020588689 
1393 864 7 9 0.020456025 
1423 680 7 9 0.020338394 
1344 806 8 10 0.020260317 
1553 184 31 35 0.020117037 
1297 847 9 11 0.020107055 
1384 807 9 10 0.020073669 
