c1e01061b5c54939f16949c23ea1ef0f_image2
17
379 608 204 249 0.99981314 
905 349 15 18 0.18082 
427 1119 446 552 0.06459189 
1668 1184 14 18 0.054097287 
573 333 27 34 0.04084438 
1210 344 15 18 0.03894148 
1643 1186 14 19 0.03780496 
722 1085 460 507 0.03145338 
920 370 15 18 0.030776542 
987 448 15 19 0.025922002 
1666 1076 10 13 0.025523178 
1266 348 22 27 0.025018873 
1624 1087 10 12 0.02324617 
1671 1029 9 12 0.022428358 
1624 1114 12 14 0.022387829 
1640 1054 10 12 0.020500261 
1629 1076 9 12 0.020193739 
