c2a69256d298f4d9b4ae94256c36b844_image2
24
102 243 110 141 0.99976367 
638 37 11 14 0.14076285 
604 38 12 16 0.066044904 
429 98 13 16 0.052323464 
865 454 9 11 0.046932116 
574 35 12 15 0.044489812 
904 303 7 10 0.0346864 
913 310 9 11 0.028393552 
549 48 10 14 0.028313877 
945 333 8 11 0.026755309 
844 453 9 12 0.024671175 
666 101 9 12 0.024308376 
880 334 9 11 0.024067119 
944 308 9 11 0.02359215 
415 37 13 16 0.023442667 
201 297 29 40 0.023179116 
604 607 24 32 0.022952667 
541 43 12 16 0.022495644 
836 471 9 12 0.022045063 
912 351 9 10 0.021458417 
960 339 8 10 0.02092301 
927 342 8 9 0.020591479 
919 351 8 10 0.020352906 
910 296 9 10 0.020035736 
