c2acff0269bd5d8a7bc961fab5d43966_image2
48
95 216 104 127 0.9995364 
484 584 13 18 0.067689605 
738 381 9 10 0.041189294 
840 351 8 11 0.039659593 
814 342 8 11 0.037366506 
781 376 8 10 0.037240643 
769 391 8 9 0.036211435 
770 351 7 9 0.034685455 
781 382 9 10 0.034606516 
824 336 7 9 0.033031393 
752 365 8 10 0.03301714 
422 494 9 12 0.032424837 
799 391 8 9 0.032363605 
740 376 9 11 0.03194756 
816 312 7 9 0.031395663 
800 327 8 11 0.029423118 
796 374 7 11 0.028957097 
146 64 22 33 0.028896986 
712 368 8 9 0.028746486 
513 494 10 13 0.027921107 
809 335 7 9 0.027079878 
726 333 9 12 0.026592804 
131 76 38 43 0.025987634 
817 391 9 10 0.025666438 
116 71 17 23 0.024786124 
750 345 9 10 0.024654329 
719 375 7 9 0.024574528 
737 422 8 10 0.023943473 
790 360 7 9 0.023570886 
801 352 8 10 0.023553763 
776 343 8 10 0.023457108 
737 360 8 9 0.023226958 
785 359 8 10 0.022988569 
774 350 8 10 0.022859657 
774 319 9 10 0.022538979 
753 361 8 10 0.021578133 
823 351 8 10 0.02140325 
712 352 9 10 0.021141913 
753 376 8 10 0.021135174 
729 391 7 9 0.02065272 
783 351 8 10 0.020610036 
808 392 7 10 0.020476405 
857 328 8 9 0.02037807 
751 416 8 9 0.020266963 
817 382 9 10 0.020184401 
841 344 8 9 0.020167828 
757 377 9 10 0.020073209 
793 367 7 10 0.02004768 
