c2e1ce3480b63a5f41106477e4b84605_image2
19
142 322 145 175 0.99960524 
1060 512 14 17 0.11628025 
701 102 11 14 0.06892627 
723 97 12 16 0.037789598 
702 631 13 16 0.035405077 
640 107 10 13 0.030606402 
990 516 9 12 0.028220575 
1032 547 12 13 0.02807255 
102 -52 482 497 0.025802089 
814 158 17 18 0.025608452 
686 104 12 15 0.025368983 
93 387 206 215 0.025063349 
1039 480 11 14 0.023469947 
183 110 41 47 0.023056896 
993 586 14 16 0.021947883 
999 502 10 11 0.02186103 
985 515 10 13 0.021425977 
176 182 54 67 0.020654175 
993 396 10 12 0.02035576 
