c2ec9adcd39f968f7e61990bfb84f97f_image
27
145 51 178 251 0.9996655 
115 371 16 22 0.21501991 
58 370 19 22 0.1531833 
31 346 11 14 0.13507709 
365 381 13 15 0.11513162 
327 358 13 16 0.09072311 
434 362 12 15 0.07486133 
359 378 14 17 0.051270705 
62 331 11 15 0.046401285 
35 343 11 14 0.046259094 
68 310 12 14 0.03916146 
93 337 12 15 0.03758677 
92 355 11 17 0.030120252 
397 381 11 13 0.029949233 
116 384 13 16 0.028401565 
367 337 14 17 0.027640505 
14 366 13 19 0.027206222 
33 312 10 12 0.027172634 
401 358 11 13 0.026250547 
337 341 11 14 0.026218656 
329 351 12 15 0.024722725 
120 326 10 13 0.024388077 
405 381 12 15 0.024305407 
406 318 10 12 0.024086619 
368 319 10 12 0.023673937 
40 362 10 16 0.02113149 
47 352 51 55 0.020706894 
