c3aa54b2d40fd0ebb1af57a8d6ad5aa3_image2
20
205 198 119 168 0.9988926 
510 544 13 16 0.64295185 
599 541 14 16 0.38679782 
541 554 15 18 0.31890717 
510 550 16 21 0.22980168 
633 546 16 24 0.1717417 
73 213 439 515 0.070069365 
539 83 13 16 0.06888771 
481 542 11 13 0.06410622 
597 547 21 25 0.06054156 
542 539 14 16 0.059291184 
482 555 14 16 0.050854646 
537 539 12 16 0.036883783 
447 543 13 16 0.03565423 
535 561 15 17 0.03364251 
415 135 13 16 0.030872028 
478 545 16 20 0.023441102 
512 560 15 18 0.023178471 
425 625 14 17 0.020419102 
223 624 11 12 0.020161025 
