c455ee8e28ae947c471baec1668ded51_image2
41
220 376 118 154 0.9998461 
1007 427 9 12 0.08917307 
265 126 10 12 0.07279065 
1027 458 12 15 0.06001179 
1066 453 10 12 0.050362278 
244 124 10 12 0.048042513 
1079 472 10 12 0.04669846 
735 663 19 27 0.046076506 
1067 460 11 12 0.04550943 
990 469 11 13 0.0452034 
253 136 10 12 0.04467746 
990 438 10 11 0.040716134 
601 661 13 17 0.03931564 
1016 479 12 14 0.038153954 
1024 453 12 15 0.037682366 
1049 454 9 11 0.03570847 
1008 462 10 12 0.034198802 
1001 423 10 12 0.03419768 
1028 447 11 13 0.032556687 
1006 415 11 12 0.03247467 
1008 437 9 11 0.032284886 
1013 430 8 12 0.030480992 
1013 446 9 11 0.027748572 
1063 415 8 10 0.027274935 
1013 438 8 10 0.025384333 
1029 509 13 16 0.025342463 
661 663 15 17 0.025308907 
942 455 9 10 0.025006125 
1007 445 10 12 0.024916576 
988 431 9 10 0.02446432 
1007 468 11 13 0.024083111 
242 120 9 11 0.02349027 
975 472 11 13 0.023118151 
267 129 12 14 0.022720467 
247 133 12 14 0.022065347 
264 149 25 34 0.021718808 
1001 416 9 11 0.020524735 
1071 415 8 11 0.020458339 
1050 414 9 11 0.020396918 
981 470 11 13 0.020332135 
985 422 9 10 0.02032317 
