c4d2059acf519772787cf635f4936b84_image2
21
102 257 112 151 0.99969256 
106 101 45 52 0.03542042 
825 384 8 9 0.034625612 
260 563 14 18 0.032941107 
841 422 9 9 0.029477654 
798 407 8 9 0.027760208 
816 375 8 9 0.027597396 
824 415 8 10 0.02732641 
806 416 9 10 0.02731998 
808 360 8 8 0.026860805 
786 340 9 10 0.023849588 
776 373 8 9 0.02348539 
808 440 8 9 0.023017408 
817 407 7 9 0.022110716 
825 423 8 9 0.02191357 
798 366 9 9 0.021465722 
830 415 8 10 0.021402054 
801 415 9 10 0.02127052 
822 375 8 8 0.021219635 
830 385 7 8 0.021144483 
808 375 7 9 0.021108674 
