c5662ce548a37bd359cde3f2046a77c1_image2
19
220 316 197 259 0.9969807 
719 839 9 10 0.08898377 
252 78 55 66 0.06682725 
666 839 8 10 0.0650615 
444 853 13 16 0.050189063 
374 844 14 19 0.042095788 
449 839 8 10 0.036450617 
315 850 18 21 0.0310777 
375 841 9 12 0.03094579 
231 54 56 70 0.030900272 
735 501 11 14 0.029754888 
399 517 388 498 0.028279278 
446 844 13 16 0.024960184 
584 251 14 18 0.023519536 
650 338 12 16 0.022074934 
682 412 22 25 0.021440275 
630 272 10 12 0.02139418 
713 276 10 13 0.02117392 
719 841 11 14 0.020329123 
