c5c2be353d01ee3e1a71667b099b6b9d_image2
28
143 325 114 151 0.9998134 
873 454 8 10 0.034951795 
841 455 7 9 0.034902394 
832 439 7 9 0.032696247 
840 447 7 9 0.0316333 
857 463 7 9 0.031360764 
817 415 9 12 0.03070174 
831 447 7 9 0.030298294 
815 440 7 9 0.02972136 
856 448 7 8 0.02913576 
799 448 8 10 0.028761635 
816 455 7 8 0.027556771 
831 455 7 9 0.024892846 
826 439 7 9 0.024579505 
818 421 8 11 0.02435506 
838 440 7 9 0.024159297 
823 432 7 9 0.023746159 
174 119 10 12 0.022786854 
817 430 7 10 0.022650149 
189 109 10 12 0.02234757 
823 486 8 10 0.02203637 
857 472 7 9 0.021638969 
849 431 8 10 0.021194775 
833 479 7 9 0.021159751 
887 471 8 10 0.020890389 
506 348 398 521 0.020428363 
524 158 8 10 0.020411499 
863 464 7 9 0.020284375 
