c6b68fb9ec288136b39c7eddfcae2c3f_image2
26
142 236 97 120 0.9998229 
164 65 30 33 0.067068115 
865 439 9 12 0.0425253 
849 439 8 9 0.038757436 
854 437 8 11 0.037467875 
868 519 9 11 0.03663699 
855 414 8 9 0.036012404 
163 80 25 31 0.034096356 
865 358 10 12 0.030505665 
873 416 8 9 0.028650336 
377 138 15 16 0.027502978 
896 455 8 10 0.025854992 
857 462 9 10 0.025649833 
874 421 9 10 0.025467053 
857 478 9 11 0.02512255 
855 432 7 9 0.024999129 
845 447 9 10 0.024802588 
864 399 8 9 0.024504706 
919 530 10 11 0.024177982 
857 456 9 10 0.024002073 
864 511 8 10 0.021895181 
866 444 9 11 0.02164232 
848 383 8 10 0.021211702 
904 407 8 9 0.020836597 
161 74 17 21 0.02022413 
878 439 7 8 0.020131985 
