c966d7e0b6367f9bfa90795dea7db2fd_image2
54
113 365 184 229 0.9995222 
688 117 12 14 0.11121482 
112 109 33 41 0.062161136 
774 113 11 13 0.050451633 
1126 519 8 9 0.043998957 
672 114 11 13 0.041755352 
708 110 14 17 0.041625198 
122 113 40 42 0.039671544 
140 111 37 40 0.037901137 
799 119 9 11 0.037861247 
1120 536 8 9 0.036568318 
1112 528 7 8 0.034569614 
1126 510 8 10 0.03171713 
1119 543 9 9 0.03160436 
1128 489 8 10 0.03143921 
686 123 13 16 0.031154584 
496 116 11 13 0.030821353 
1103 536 7 8 0.030781787 
1122 511 7 9 0.029914508 
1009 510 9 10 0.02975122 
1142 470 7 10 0.02943554 
1112 543 7 8 0.028570289 
735 116 10 12 0.027872095 
1120 519 8 9 0.027682737 
1137 479 7 9 0.02708228 
1134 489 8 9 0.026785184 
1135 494 8 9 0.026583124 
1000 656 8 9 0.025786778 
1102 504 8 9 0.025770131 
1111 504 7 9 0.025610438 
499 121 25 30 0.02559682 
142 91 48 47 0.025545025 
1063 584 8 9 0.025199175 
511 118 11 14 0.025044184 
1089 479 7 9 0.024596695 
1121 560 7 8 0.024467928 
1112 536 8 9 0.024416711 
1112 520 8 8 0.024088996 
1127 504 9 10 0.02363042 
1111 488 8 10 0.023156378 
1120 527 7 9 0.022994323 
1103 511 8 9 0.022601748 
1014 629 8 10 0.02241812 
1142 479 7 9 0.022376519 
985 637 9 10 0.022304552 
1142 527 8 9 0.022150528 
991 512 7 9 0.022043625 
1042 685 15 17 0.022024652 
135 204 52 58 0.021922598 
1096 463 7 9 0.021066194 
1023 655 9 9 0.020796506 
1111 511 7 9 0.020523064 
751 115 10 11 0.020239182 
1026 509 10 12 0.020020928 
