ca13250101edb320638ba6d08376b8e5_image2
31
192 298 121 167 0.9996737 
1079 431 9 11 0.06919089 
998 499 11 14 0.05460351 
1081 423 8 11 0.042569194 
813 169 15 20 0.036097977 
902 501 11 14 0.0347788 
922 479 8 10 0.032151695 
1080 455 9 10 0.031019703 
1093 437 8 11 0.027712105 
974 474 11 13 0.027092354 
1048 443 12 13 0.026749188 
1094 431 9 10 0.024973556 
1078 436 9 11 0.024866262 
1053 439 10 12 0.024325483 
1112 423 7 10 0.023774667 
1085 398 10 12 0.023694314 
1093 446 9 9 0.023143183 
853 399 448 475 0.023012474 
1097 424 8 9 0.022701764 
1081 416 8 10 0.022127876 
999 420 11 13 0.021814713 
1007 549 7 9 0.021453248 
937 445 8 10 0.021318957 
994 552 7 10 0.021309737 
1047 416 9 10 0.021278344 
1045 423 9 10 0.02106311 
1095 407 8 10 0.020670816 
1085 462 8 10 0.020637462 
943 440 8 11 0.020635515 
993 558 8 10 0.020478189 
979 439 12 13 0.020314895 
