ca6b85b86fc474d71ca5501b1205f2ed_image2
57
206 320 129 165 0.99979466 
1056 560 9 11 0.08320906 
1093 483 10 12 0.053057007 
1066 542 9 11 0.052340515 
992 544 8 9 0.052051023 
1042 638 7 9 0.05020242 
1089 486 9 11 0.04885627 
1074 573 9 11 0.0487836 
1074 568 9 10 0.048542213 
1009 551 9 10 0.040145934 
1038 556 9 11 0.03872972 
1081 623 8 9 0.035204105 
1079 495 8 9 0.034572456 
723 127 16 21 0.033174776 
978 540 10 13 0.032179825 
1072 600 9 10 0.031784933 
688 119 9 11 0.031639915 
1008 543 9 9 0.030955477 
1081 535 8 10 0.030634107 
441 228 12 16 0.029910013 
1143 496 9 11 0.029816521 
1134 485 9 10 0.029244862 
1056 574 10 11 0.028402459 
1080 488 7 10 0.027882438 
1009 605 9 11 0.027668493 
1062 510 8 10 0.02630368 
1098 494 8 9 0.02561683 
1023 600 9 10 0.02529745 
994 550 8 9 0.024783371 
1032 568 8 9 0.0247512 
1009 557 9 10 0.02451553 
1081 588 9 10 0.0241657 
1071 559 8 10 0.024144664 
1112 512 8 10 0.024069725 
1065 535 9 11 0.023483606 
1072 495 8 9 0.023469716 
1079 502 8 10 0.023120735 
1070 550 9 10 0.022960223 
1098 623 7 9 0.02283147 
1061 575 8 10 0.02257899 
1032 574 8 9 0.022472894 
1063 615 7 9 0.022199983 
1081 552 8 10 0.021799842 
1064 623 8 10 0.021686956 
1040 567 7 9 0.021541147 
1097 527 8 9 0.021242484 
1014 663 8 11 0.021112576 
1089 575 8 11 0.021065367 
983 627 9 12 0.021043157 
1056 581 9 11 0.020938138 
1038 633 8 9 0.020887697 
1073 605 8 9 0.020598508 
1013 551 9 9 0.020540098 
1142 478 8 11 0.02033475 
959 608 8 9 0.020285128 
1063 550 9 10 0.020031482 
789 124 12 15 0.020019062 
