cc53918711bbaafc702a8bc96d0c3521_image2
27
707 234 18 21 0.50845975 
203 281 161 220 0.4384489 
735 298 21 27 0.41617227 
529 437 16 23 0.24474552 
601 435 18 23 0.17972067 
763 906 32 38 0.15045741 
529 158 24 29 0.13523103 
674 163 19 24 0.1333211 
827 301 16 22 0.1256218 
632 160 20 27 0.12052883 
557 435 20 29 0.11902533 
796 236 15 17 0.10042976 
830 0 24 21 0.083447665 
534 703 11 12 0.072353914 
705 297 17 22 0.07098174 
581 900 49 52 0.05448358 
628 227 15 21 0.051046528 
561 298 24 27 0.050390016 
751 226 14 19 0.043350868 
663 299 16 19 0.03414193 
758 708 15 17 0.03344272 
731 510 16 18 0.029659558 
649 234 15 19 0.027773272 
784 441 14 17 0.025937013 
755 442 15 17 0.024988897 
786 306 14 17 0.022387974 
832 908 25 29 0.022219362 
