cc6b4e5ce4b26d27a93c28e832f8d875_image2
24
338 459 225 297 0.99972636 
842 292 14 17 0.16490567 
145 715 464 380 0.13459086 
394 1255 71 61 0.129334 
373 1234 123 103 0.08164349 
318 592 456 404 0.072425835 
1059 554 15 16 0.060142487 
980 1053 22 27 0.055692833 
755 470 14 15 0.045228854 
253 857 404 503 0.037712187 
496 10 147 143 0.034391943 
810 383 17 19 0.03250385 
1150 1049 15 20 0.030069433 
185 -39 467 491 0.028816238 
788 465 15 19 0.027221646 
962 293 15 17 0.023954442 
902 187 26 28 0.023881882 
1059 86 27 30 0.023692075 
834 452 13 16 0.022599993 
462 1166 199 215 0.02196052 
974 1052 16 21 0.021267394 
1098 71 31 33 0.021220248 
780 466 17 19 0.020374713 
1012 1207 136 158 0.020113239 
