ccda4c3b13ad9ff4ed00cbb5c32d9f62_image2
18
130 193 114 150 0.99956924 
454 581 15 18 0.2944217 
363 598 14 17 0.14414814 
471 77 10 13 0.11607517 
451 601 19 23 0.06206533 
390 606 28 29 0.061584283 
510 128 12 15 0.061369076 
340 600 13 15 0.041984215 
518 614 15 18 0.03724836 
495 78 11 13 0.03139878 
527 83 11 16 0.029899277 
433 83 14 17 0.02539613 
176 45 11 13 0.024546618 
451 78 12 14 0.022576004 
451 570 24 28 0.021857945 
177 68 43 57 0.021464456 
425 597 14 16 0.020877762 
177 36 42 56 0.020745395 
