cdde03f1989cb3a0293dc0e272929b4e_image2
19
213 235 145 179 0.99949205 
213 887 8 10 0.06855113 
630 432 14 16 0.04698231 
719 87 15 17 0.041920528 
4 734 11 14 0.040886763 
679 895 9 9 0.038843323 
611 90 13 16 0.03653395 
701 893 11 12 0.035482418 
1 692 9 16 0.031025765 
270 888 8 9 0.02963651 
200 880 8 9 0.02569677 
207 880 8 10 0.02543219 
265 879 7 10 0.024632946 
1 597 9 15 0.021981701 
166 887 7 10 0.021546854 
265 887 8 10 0.021457259 
696 892 12 12 0.020854285 
249 879 7 9 0.020458557 
7 711 10 14 0.020230988 
