ce6848dbe081d80e299ac5cf1f6bb76f_image2
75
193 241 126 163 0.9997811 
494 664 10 12 0.22300921 
256 17 11 14 0.19171086 
521 656 9 11 0.11880366 
293 639 9 11 0.1117211 
522 660 9 11 0.106960885 
524 679 10 12 0.104060255 
210 636 14 17 0.08781563 
463 658 13 17 0.08664135 
577 678 8 10 0.068799384 
537 632 8 10 0.066653736 
590 687 9 11 0.06572467 
600 680 9 11 0.06567014 
273 21 8 11 0.054668825 
551 672 9 13 0.054261018 
248 20 10 12 0.051669806 
520 669 8 10 0.051268768 
607 670 8 9 0.04854338 
240 21 9 11 0.045886938 
541 631 8 10 0.04399871 
496 654 9 11 0.04342571 
480 662 10 12 0.043093976 
616 653 10 12 0.04129809 
609 655 6 9 0.040436603 
582 679 7 9 0.03823752 
541 653 9 12 0.037958022 
566 694 8 10 0.037085384 
545 675 10 13 0.036973327 
511 722 11 13 0.03507637 
278 22 9 11 0.034044538 
535 676 9 11 0.03257983 
262 636 8 10 0.03234169 
607 663 8 11 0.032235518 
481 668 10 13 0.031099977 
247 638 10 12 0.03029097 
312 640 7 9 0.030072065 
288 19 11 13 0.030023841 
486 661 10 13 0.029248517 
529 632 7 10 0.02848236 
557 662 7 9 0.027369253 
496 645 9 12 0.026997827 
280 656 9 10 0.026819631 
247 644 13 16 0.026150445 
441 671 9 11 0.026122846 
514 702 8 10 0.025244467 
553 655 8 10 0.025104925 
303 20 10 13 0.02496002 
591 671 7 10 0.024918707 
254 637 9 11 0.024801943 
576 638 8 10 0.024650218 
446 668 9 12 0.024613742 
464 646 10 12 0.024379384 
584 692 9 12 0.02397934 
312 644 8 11 0.023447804 
253 650 10 14 0.023190713 
567 672 7 10 0.023011252 
289 642 9 13 0.022521704 
537 660 9 11 0.022431746 
592 679 8 10 0.021977697 
251 13 19 24 0.021837829 
542 648 8 10 0.021807322 
511 663 8 10 0.021668874 
583 639 8 9 0.021565614 
600 672 8 9 0.02154771 
466 640 7 9 0.021536205 
223 678 10 14 0.021516453 
537 648 8 10 0.021416085 
576 704 8 9 0.021356635 
605 681 10 12 0.021334743 
485 655 9 11 0.02108565 
225 80 42 47 0.020709945 
447 661 10 14 0.020548292 
598 631 9 11 0.020465175 
520 632 7 9 0.02008344 
302 639 8 10 0.020000128 
