d3e904a129156911a32f1481dbed1af9_image2
457
322 195 142 211 0.8673581 
45 486 14 16 0.34483004 
783 924 15 18 0.21218346 
727 900 11 14 0.21190897 
752 893 13 17 0.15157348 
716 919 14 17 0.1414425 
719 852 11 13 0.12459256 
723 957 18 21 0.12161622 
40 529 13 17 0.117417775 
684 894 11 13 0.117137335 
835 1 14 15 0.115152024 
108 438 11 14 0.10302989 
703 860 9 12 0.098743394 
625 880 9 11 0.095841914 
711 863 9 12 0.09415779 
734 863 11 12 0.09070649 
111 515 12 16 0.085728295 
776 1 14 15 0.08463493 
738 883 14 16 0.08393983 
97 390 8 11 0.083583474 
587 934 16 18 0.08322096 
738 876 14 15 0.08215413 
17 491 12 14 0.08160188 
524 908 14 16 0.0806066 
843 846 15 18 0.080183126 
7 474 13 16 0.07960748 
787 842 13 17 0.07947627 
110 556 12 16 0.07845912 
14 431 9 11 0.07791373 
703 856 8 11 0.07688123 
0 593 10 15 0.07645245 
0 515 9 14 0.07574499 
697 878 10 13 0.0753886 
46 405 10 12 0.07460172 
97 177 7 9 0.074356616 
690 908 14 19 0.07397709 
742 889 12 15 0.0726561 
680 839 10 12 0.07073884 
97 360 9 10 0.06954098 
3 490 12 14 0.06927301 
710 918 13 17 0.06892835 
687 839 11 12 0.06885268 
636 920 12 13 0.068499066 
112 189 9 11 0.06741612 
670 847 9 11 0.06740209 
769 846 9 11 0.06647627 
629 883 9 11 0.0656757 
7 332 9 11 0.06533747 
39 407 10 12 0.06508194 
728 861 10 11 0.06430443 
593 840 9 10 0.06389641 
737 844 10 13 0.06386784 
735 867 12 13 0.063752525 
51 880 15 19 0.063353255 
23 381 10 11 0.062233318 
598 840 8 10 0.0620597 
665 938 15 18 0.06120131 
649 846 8 9 0.06104074 
4 594 12 16 0.06085012 
13 400 9 11 0.060279395 
5 508 14 17 0.059984427 
643 890 14 16 0.059250582 
607 884 9 12 0.057695437 
22 579 13 16 0.057657886 
87 391 8 11 0.057441093 
116 558 11 17 0.05724116 
37 280 9 10 0.056769535 
132 481 13 17 0.056493185 
669 884 10 13 0.05625318 
56 365 9 11 0.055682417 
471 870 11 13 0.05494499 
102 248 8 10 0.05488199 
740 846 12 13 0.05453008 
776 859 12 16 0.05346577 
696 859 10 13 0.053369522 
37 383 8 11 0.053234387 
104 429 9 12 0.05301925 
41 508 11 14 0.052575257 
768 838 10 13 0.0525099 
111 398 8 11 0.0523734 
724 847 10 13 0.052180372 
84 438 10 12 0.051623583 
87 478 10 12 0.0511445 
36 390 10 12 0.05107876 
692 838 11 13 0.05100543 
656 847 8 10 0.050709054 
672 917 12 15 0.050561603 
14 486 13 15 0.05050504 
96 477 12 15 0.049946826 
63 365 9 11 0.04970169 
51 604 15 17 0.049616482 
49 398 10 12 0.048870455 
693 894 10 12 0.048693776 
95 877 13 17 0.048329256 
48 427 10 14 0.048302125 
750 940 13 16 0.04795647 
61 440 9 11 0.047821365 
461 931 14 17 0.04737497 
713 847 8 11 0.047257226 
606 848 10 11 0.04605634 
743 915 13 16 0.045820225 
53 423 9 12 0.045362595 
702 868 11 14 0.044378813 
96 248 9 11 0.044216983 
96 384 8 9 0.044189684 
36 398 11 11 0.044113517 
96 312 8 9 0.043437064 
724 939 16 19 0.04304116 
513 870 9 10 0.042442124 
663 853 10 12 0.042332284 
787 894 14 17 0.041348398 
702 840 9 11 0.041278366 
86 359 9 10 0.041209266 
637 901 12 13 0.04116994 
25 574 14 18 0.04096162 
697 871 10 13 0.04094696 
632 903 10 12 0.040724948 
837 811 14 18 0.040706143 
520 856 8 11 0.040543333 
31 555 13 15 0.040439755 
652 893 11 13 0.04016239 
774 948 12 16 0.040067926 
79 523 13 15 0.039946515 
613 911 14 18 0.03991624 
762 0 13 12 0.03985098 
496 845 8 11 0.03961143 
693 901 12 16 0.039448522 
670 822 10 11 0.039384946 
700 970 21 26 0.039304152 
852 810 11 18 0.03930265 
19 542 14 15 0.038825136 
678 816 9 11 0.038641673 
518 885 10 11 0.03845466 
671 840 9 12 0.038358435 
774 918 12 14 0.038326155 
751 820 11 13 0.03824171 
49 579 17 18 0.037916802 
713 853 9 11 0.03790164 
723 917 12 16 0.03750737 
80 443 10 12 0.037432753 
664 878 10 12 0.037404668 
553 840 9 11 0.037321173 
662 845 11 13 0.037297927 
88 255 8 10 0.03723113 
84 542 11 13 0.03717923 
47 225 9 10 0.036931958 
551 845 9 11 0.036467355 
54 534 12 14 0.036277175 
726 876 10 13 0.036186464 
705 799 8 10 0.03610862 
119 485 11 14 0.036048736 
640 885 12 15 0.03599749 
751 860 12 14 0.03576039 
687 815 8 10 0.03552459 
88 184 8 10 0.035460815 
31 382 8 11 0.03544505 
646 871 10 11 0.035432022 
119 845 11 14 0.035378546 
733 894 11 14 0.03528335 
101 359 9 10 0.03500428 
615 886 9 10 0.034915995 
88 484 9 12 0.034898855 
96 517 10 13 0.034735184 
45 470 11 12 0.03472917 
87 396 9 11 0.0346569 
70 359 9 11 0.0345664 
56 443 10 12 0.034433834 
640 873 10 11 0.034225475 
73 428 11 13 0.034211975 
116 477 11 14 0.034202892 
23 406 9 11 0.034144774 
11 562 13 16 0.03395743 
3 836 13 17 0.033798993 
563 938 15 16 0.03366899 
703 846 8 10 0.033648934 
29 548 14 16 0.033643644 
782 868 12 14 0.03350805 
109 477 11 14 0.033422116 
815 62 15 19 0.033368032 
64 348 11 13 0.033351645 
60 535 11 13 0.033272836 
31 223 8 10 0.03292028 
61 605 14 17 0.032498572 
621 894 11 12 0.03234981 
35 550 14 15 0.032348793 
600 845 10 12 0.032211475 
615 881 8 10 0.03215793 
750 866 12 14 0.031882085 
70 364 9 12 0.031737197 
27 506 13 16 0.031690326 
118 390 9 10 0.031672977 
96 428 9 12 0.03146674 
480 840 9 11 0.031459484 
96 470 12 13 0.031427473 
32 396 11 12 0.03132237 
581 854 10 11 0.031015132 
111 405 9 12 0.030857062 
71 389 8 11 0.0308455 
72 437 10 11 0.03080567 
543 847 9 10 0.030673591 
76 422 11 13 0.03065314 
6 556 13 15 0.030560471 
852 960 12 17 0.030496864 
14 327 9 11 0.030408574 
558 840 10 12 0.030382335 
668 829 10 11 0.03035979 
772 844 13 15 0.030262277 
31 438 9 12 0.03014224 
103 510 12 14 0.029916886 
559 855 8 9 0.029786346 
63 383 9 11 0.029775517 
101 228 10 12 0.02964325 
485 840 11 13 0.029333465 
648 839 9 11 0.029303605 
28 515 12 15 0.029254124 
701 883 11 14 0.029213903 
645 911 11 13 0.029152544 
512 877 10 13 0.029131752 
437 858 13 16 0.029077085 
656 900 10 13 0.02903626 
655 840 9 11 0.028982256 
15 191 7 10 0.02894085 
108 429 12 13 0.028887875 
490 869 9 12 0.028860616 
705 61 15 18 0.028855002 
721 894 11 14 0.028695993 
773 853 13 15 0.028626774 
624 840 9 11 0.02858595 
99 481 14 15 0.028539207 
666 971 16 19 0.028290525 
10 430 8 12 0.02826471 
727 869 10 12 0.028238684 
128 522 14 17 0.028167779 
49 390 11 13 0.028162982 
14 175 9 10 0.028114298 
756 887 13 16 0.028042875 
775 813 10 12 0.028026279 
70 349 9 12 0.027992228 
648 862 10 12 0.027981428 
20 498 15 16 0.0279716 
102 303 8 10 0.027949722 
19 584 14 17 0.02793563 
39 428 10 12 0.027832344 
637 854 9 12 0.027725874 
704 815 9 11 0.027624294 
36 373 10 12 0.027615601 
67 603 14 18 0.027572596 
71 176 7 9 0.027533436 
711 839 9 11 0.027421026 
5 232 9 11 0.027387314 
64 360 9 11 0.027378734 
104 554 14 18 0.027193218 
748 886 14 17 0.02718088 
104 573 13 15 0.027162727 
96 463 10 11 0.027134381 
655 878 10 12 0.027119834 
718 871 11 13 0.027068727 
679 899 13 15 0.02703454 
666 823 9 11 0.027028486 
787 877 14 16 0.026999226 
85 294 8 10 0.026923485 
38 502 12 15 0.026889488 
64 388 8 11 0.026735723 
80 358 10 11 0.026706085 
736 916 11 15 0.026697319 
103 168 7 9 0.026685148 
15 404 9 11 0.02667254 
513 863 8 10 0.026620882 
78 459 11 13 0.026603082 
31 212 9 11 0.026581297 
583 903 8 10 0.026551675 
685 867 11 14 0.026542509 
88 342 9 11 0.026540773 
604 894 11 13 0.026532216 
710 815 9 10 0.026482478 
536 900 11 14 0.026438035 
48 373 9 11 0.026405396 
495 852 11 13 0.026311252 
61 515 13 14 0.026301917 
36 364 11 13 0.02627989 
14 197 8 10 0.026214845 
428 844 12 12 0.026191618 
4 236 9 12 0.026087387 
31 405 11 12 0.02603825 
637 909 11 13 0.026020257 
758 866 13 16 0.025987472 
648 854 9 10 0.025900934 
85 364 10 11 0.025889736 
78 530 14 16 0.025885347 
662 860 11 12 0.025860783 
79 548 12 14 0.025752315 
720 946 14 18 0.02574688 
14 205 9 11 0.025699953 
15 223 9 10 0.025625054 
759 844 10 12 0.025526542 
710 877 9 11 0.025488844 
690 821 9 10 0.02547344 
676 886 12 13 0.025472682 
21 421 9 12 0.025414713 
47 150 8 11 0.02539108 
86 413 9 11 0.02533979 
37 535 14 17 0.025331536 
41 230 9 10 0.025299331 
666 761 16 16 0.025299286 
513 855 8 11 0.025192603 
97 334 8 10 0.02512242 
103 517 12 14 0.025077987 
115 469 12 14 0.025022449 
750 829 11 13 0.024776768 
616 892 11 13 0.024754964 
785 819 12 14 0.024718544 
708 930 15 17 0.024715377 
103 182 8 10 0.024714418 
32 175 8 9 0.024690108 
80 365 10 11 0.02466728 
27 542 14 16 0.024634663 
38 421 11 14 0.024607046 
748 910 13 15 0.024532009 
62 295 9 11 0.024526129 
513 816 8 10 0.024506541 
14 535 11 14 0.02445896 
95 351 9 10 0.024453476 
701 915 14 17 0.02434192 
752 967 17 21 0.02428702 
629 839 10 12 0.024244368 
68 541 10 12 0.0242368 
113 414 9 11 0.024175517 
47 365 10 12 0.02415692 
54 413 9 11 0.02410862 
39 323 11 13 0.024103684 
78 350 9 11 0.024013802 
769 851 11 13 0.02396655 
798 885 11 13 0.02395955 
103 327 8 11 0.0239447 
598 854 10 12 0.02393807 
94 493 12 15 0.023913978 
96 375 9 11 0.02389331 
48 382 10 11 0.023849001 
113 421 11 13 0.023810113 
74 570 14 17 0.02377273 
2 532 13 15 0.023770351 
54 383 8 10 0.023760427 
656 852 9 12 0.023722589 
639 846 9 10 0.023719823 
43 515 13 15 0.023719585 
15 229 10 11 0.023713758 
110 493 11 14 0.023710037 
755 854 12 14 0.023651524 
653 885 11 14 0.023651168 
0 437 8 10 0.02364258 
38 248 9 10 0.023641815 
494 877 10 13 0.023614582 
96 229 10 11 0.02360802 
9 374 9 11 0.023597032 
834 758 15 17 0.023575915 
100 223 10 11 0.023566771 
101 390 9 11 0.02353013 
119 444 9 13 0.02346552 
79 866 11 14 0.023395501 
0 646 8 12 0.023385137 
45 263 9 11 0.023374086 
38 563 13 16 0.023347475 
623 884 10 11 0.02319981 
606 914 13 15 0.023190724 
80 295 9 10 0.023148892 
607 840 8 10 0.023131475 
799 853 12 16 0.022992961 
412 896 14 16 0.022963598 
62 429 10 12 0.022918005 
104 442 12 14 0.02291116 
47 183 8 9 0.022726322 
49 303 8 10 0.022645237 
8 174 8 9 0.022546377 
72 461 10 11 0.02250743 
104 563 14 16 0.022500029 
44 534 14 17 0.022466347 
572 923 12 15 0.022423862 
31 263 9 12 0.022391325 
454 867 11 14 0.022388214 
797 839 11 13 0.022384185 
739 863 12 12 0.022334833 
703 922 14 17 0.022292484 
117 427 11 13 0.022232696 
32 270 9 10 0.022232393 
0 500 10 14 0.022219606 
23 388 10 12 0.022168197 
691 999 16 18 0.022158094 
744 899 11 14 0.022135518 
6 271 9 9 0.022133628 
88 231 8 10 0.022105051 
853 817 11 20 0.022087842 
89 311 8 10 0.022024613 
382 846 10 13 0.022010209 
590 878 9 10 0.021975206 
53 405 9 12 0.021903055 
14 376 9 11 0.021890167 
6 388 9 12 0.021870093 
29 562 13 15 0.02184198 
23 365 10 11 0.021822581 
8 436 8 10 0.021799248 
712 822 8 9 0.021777205 
717 859 11 13 0.021721134 
15 380 10 12 0.021703366 
576 855 9 10 0.021660142 
87 383 9 10 0.021659557 
96 316 9 11 0.0215904 
126 400 9 11 0.021567443 
124 850 11 14 0.021529797 
684 777 13 16 0.021525415 
600 868 10 12 0.021507084 
40 224 9 11 0.021481644 
23 376 9 12 0.02147226 
751 921 13 16 0.021410808 
581 847 10 11 0.021376668 
702 821 9 11 0.021370532 
95 279 8 9 0.021363415 
644 897 13 16 0.0213529 
79 391 10 11 0.021327002 
631 844 9 11 0.021299008 
71 222 9 10 0.021259293 
470 846 10 11 0.021221466 
601 901 9 10 0.021066692 
672 816 9 11 0.021048492 
46 357 9 11 0.021027986 
678 906 12 17 0.021026485 
502 974 14 16 0.02102532 
671 910 11 14 0.021018194 
0 580 11 16 0.02100421 
40 585 14 18 0.020951487 
5 285 9 11 0.02091958 
15 182 8 11 0.020841796 
779 918 15 18 0.020823402 
95 524 12 14 0.020769015 
654 909 12 16 0.020754142 
443 894 13 14 0.02073266 
822 852 13 16 0.02070165 
787 918 15 18 0.02066671 
7 453 10 12 0.020659367 
40 253 9 10 0.020604244 
679 867 10 13 0.020584306 
68 535 12 13 0.020584295 
275 869 13 16 0.020497207 
759 875 11 13 0.020468887 
609 950 12 13 0.02039507 
39 489 13 17 0.02032184 
44 572 16 18 0.020220872 
1 538 9 14 0.020214053 
63 302 9 10 0.020196013 
10 404 8 11 0.020177677 
82 517 12 15 0.020163408 
117 491 11 14 0.020117112 
622 185 11 13 0.02007827 
16 413 10 12 0.0200285 
32 430 9 12 0.020019406 
619 909 14 17 0.020018587 
33 412 10 11 0.020011296 
720 815 8 10 0.020011207 
