d5dad7e5944391d633d5b15cc51acf8e_image2
20
155 276 104 139 0.59818435 
208 710 7 10 0.059888065 
419 701 11 14 0.0594927 
605 112 15 19 0.0477808 
216 726 8 10 0.04058565 
206 303 58 89 0.038252108 
145 732 7 10 0.027775088 
540 343 14 17 0.0270454 
487 42 14 17 0.026777942 
237 713 8 10 0.026707966 
375 234 15 17 0.026374727 
207 705 7 8 0.025911534 
202 704 7 9 0.025437072 
122 312 100 133 0.025112879 
215 720 7 9 0.023262264 
125 728 9 11 0.022191053 
222 728 9 10 0.021748934 
181 23 31 44 0.021160224 
201 711 7 9 0.020874694 
210 716 8 11 0.02003364 
