d60f568f721a1efc35dbbab103d80063_image2
19
222 279 166 218 0.99710065 
636 89 17 22 0.3011684 
579 87 15 19 0.16679695 
684 446 13 17 0.078183725 
750 215 13 16 0.044625014 
758 91 14 18 0.035836764 
525 207 11 13 0.034504816 
407 188 382 517 0.030194487 
638 207 13 14 0.029746797 
290 599 377 489 0.028525 
712 446 14 18 0.027624864 
354 434 401 420 0.027292792 
685 511 15 18 0.024539337 
730 214 11 14 0.023880191 
241 -1 62 58 0.022121405 
731 259 13 15 0.021981059 
655 -14 123 139 0.02162763 
-17 420 399 498 0.020918092 
541 80 27 30 0.020389935 
