d72f3ac0e44358ad0bc1db2664b33080_image2
21
134 236 125 156 0.9996413 
631 627 25 32 0.75561434 
558 628 23 30 0.52919716 
681 628 20 27 0.51484674 
597 630 22 27 0.20961154 
530 105 14 19 0.2036551 
650 102 15 19 0.15603949 
556 103 17 23 0.13729814 
461 631 23 31 0.08432651 
494 105 15 18 0.08331556 
814 625 23 27 0.06430945 
503 625 20 24 0.061177406 
866 628 22 26 0.041688927 
780 605 18 20 0.04016332 
597 101 12 17 0.037475467 
622 101 14 19 0.03615875 
845 451 11 13 0.03128341 
434 152 23 25 0.028654516 
154 97 16 21 0.027426697 
846 528 12 13 0.025786223 
884 5 125 157 0.024131551 
