da74746287a4da6dbce26a551b62bb33_image2
56
132 243 114 163 0.9995968 
926 413 9 11 0.057347797 
866 444 8 11 0.043846045 
452 128 15 15 0.042752434 
896 431 9 11 0.04259844 
880 430 8 11 0.041680396 
968 463 8 10 0.037089024 
944 470 10 12 0.035766657 
897 436 9 11 0.03575338 
943 407 9 10 0.035415974 
871 462 8 9 0.034349658 
826 413 8 10 0.03254658 
887 447 8 9 0.03239823 
904 415 9 10 0.03181034 
927 423 9 11 0.03177783 
908 472 10 12 0.030761773 
562 75 13 17 0.030312454 
829 409 9 11 0.029953085 
921 414 8 10 0.029060572 
911 422 9 10 0.028095594 
991 477 9 11 0.027988963 
863 430 8 11 0.026354136 
959 407 9 11 0.026255043 
990 471 9 12 0.025736444 
825 476 9 10 0.025642188 
863 437 10 12 0.02524341 
857 431 9 10 0.024970375 
951 400 8 9 0.024730353 
871 431 8 10 0.02437052 
889 461 9 11 0.024240645 
944 439 8 9 0.023998719 
855 406 8 10 0.023621513 
909 461 10 11 0.023382397 
919 432 9 10 0.023319624 
926 448 9 10 0.023034453 
879 437 8 11 0.02301352 
960 472 8 9 0.022836065 
962 431 8 9 0.022822076 
863 422 9 11 0.022760792 
857 462 7 9 0.022426935 
911 390 9 10 0.022133885 
864 391 8 9 0.022076141 
879 456 8 11 0.02206549 
943 391 9 9 0.021700857 
904 456 9 10 0.021416288 
958 454 8 10 0.021232167 
919 437 9 9 0.020956004 
919 424 9 10 0.020915918 
717 131 15 16 0.020848785 
854 447 8 10 0.02082028 
904 407 8 10 0.020811612 
921 408 8 10 0.020701595 
904 389 9 10 0.020456674 
863 455 8 10 0.020178488 
865 471 9 10 0.02013305 
872 456 8 11 0.020029675 
