ddaf5051e7a2ac0a0ab52ed441a4b65e_image2
24
319 176 135 185 0.99493366 
51 161 14 19 0.12948297 
366 752 22 29 0.070390485 
346 738 16 22 0.06330889 
25 303 16 21 0.04801969 
276 745 22 30 0.047373105 
117 746 17 18 0.046371963 
343 736 11 15 0.040331703 
26 339 15 18 0.038588706 
25 160 16 19 0.037818823 
429 823 15 21 0.033621207 
357 743 24 31 0.030622916 
370 748 14 19 0.029374624 
334 746 12 15 0.029297745 
355 739 17 23 0.029116862 
26 246 19 23 0.029076083 
1 209 23 32 0.028997703 
52 273 18 22 0.027170708 
390 818 15 18 0.024719074 
4 205 15 20 0.023476427 
656 456 15 19 0.022617048 
405 729 16 19 0.021025153 
396 751 15 21 0.020785557 
334 744 26 31 0.020261668 
