dff224e1020648193656f57345e4c74a_image2
24
197 121 189 250 0.9998111 
4 776 14 17 0.1037394 
2 825 12 16 0.09665128 
4 727 14 17 0.07362755 
22 881 14 15 0.052293874 
14 751 16 18 0.050515328 
12 802 14 17 0.045150086 
22 826 16 19 0.043706644 
37 858 13 14 0.043259304 
6 877 10 13 0.03716476 
19 702 15 19 0.035585955 
12 778 10 15 0.032952867 
23 777 14 18 0.03081656 
6 754 11 15 0.030605756 
51 816 16 19 0.028025633 
15 876 13 15 0.026576059 
0 754 10 14 0.026256843 
11 729 12 16 0.02453324 
0 700 11 18 0.024330936 
5 834 11 14 0.024321511 
5 894 15 18 0.022784349 
7 851 14 17 0.022309389 
4 767 12 15 0.021456746 
16 827 11 16 0.021191968 
