e01975e5d1523889e04d845d13f9900e_image2
27
121 205 89 115 0.9992036 
78 540 10 12 0.049924448 
96 543 9 11 0.0373425 
134 542 8 11 0.03711161 
129 543 8 10 0.03583915 
174 541 8 10 0.034427308 
270 11 9 11 0.03441938 
134 536 8 11 0.032868367 
112 534 9 10 0.03086624 
119 547 9 11 0.030044787 
359 3 12 13 0.029733777 
229 4 10 10 0.029165724 
309 13 10 13 0.027861932 
249 6 9 11 0.027314577 
192 542 8 10 0.026221452 
102 544 8 9 0.025869649 
288 11 10 13 0.024845703 
0 283 10 16 0.023671458 
388 65 13 16 0.023061164 
212 1 10 10 0.02138998 
153 535 9 11 0.0212206 
153 541 9 10 0.021137906 
112 543 9 11 0.02111415 
158 542 8 10 0.020946417 
177 14 9 11 0.02073843 
103 534 8 10 0.020481331 
216 17 10 11 0.020135881 
