e1dee0f04e2d5371b11351b17c06616b_image2
77
241 405 125 176 0.99897325 
699 260 15 19 0.2144023 
608 719 13 14 0.09101395 
1119 534 8 9 0.085035734 
1133 552 9 9 0.06625853 
720 191 11 15 0.05098517 
1096 512 8 10 0.047468103 
1074 565 9 11 0.046524547 
1187 593 13 16 0.046241447 
1106 526 8 9 0.044278145 
1078 567 10 11 0.044191238 
259 188 18 26 0.03962296 
1103 519 8 9 0.03903711 
1034 568 7 10 0.038747594 
757 196 17 21 0.038398646 
792 191 10 13 0.037122175 
488 819 14 17 0.037103694 
1055 551 9 10 0.036381613 
752 725 21 26 0.03618565 
1150 544 8 9 0.03586812 
1094 517 9 11 0.035815552 
1118 528 9 10 0.035039525 
1121 519 8 9 0.0345124 
1102 511 7 10 0.034235746 
524 721 16 20 0.034210835 
1048 542 9 10 0.033481106 
1073 559 8 10 0.03347837 
1197 39 24 28 0.032956287 
1073 527 10 10 0.032445084 
1127 576 9 11 0.0320256 
1110 527 9 10 0.031844154 
1167 544 8 9 0.030224737 
1160 543 9 11 0.02992497 
1088 543 9 10 0.02979829 
1057 557 8 9 0.029322963 
1175 535 8 9 0.029234199 
596 261 15 17 0.028628353 
457 721 18 22 0.028468117 
1184 543 8 9 0.02797173 
1088 535 9 10 0.026921896 
1049 535 9 10 0.026835414 
1101 542 9 10 0.026771193 
1269 220 350 484 0.026510889 
1150 528 9 10 0.026222771 
1127 542 8 9 0.026047425 
475 322 14 16 0.025755867 
1087 502 9 11 0.025740353 
1142 536 9 9 0.02552819 
1167 536 8 8 0.02543262 
1088 551 10 9 0.024821557 
1019 478 7 9 0.024818176 
1245 130 34 32 0.024761356 
1112 559 9 10 0.02421267 
1175 542 8 10 0.024124634 
1061 527 9 10 0.024077741 
1066 510 9 9 0.024027934 
1086 100 281 206 0.023937436 
991 510 9 11 0.023668846 
1089 525 9 10 0.023516612 
788 730 16 20 0.023311654 
1129 557 8 9 0.02306296 
1116 567 10 11 0.02292957 
1144 544 8 8 0.022803845 
1080 574 10 11 0.02276346 
1063 553 8 9 0.022742309 
558 722 12 18 0.022460088 
1055 568 9 11 0.022353746 
1113 532 8 10 0.022023357 
1088 520 9 10 0.021973243 
1112 579 10 12 0.021846056 
1134 557 10 10 0.02170163 
1103 551 8 10 0.021587921 
606 720 20 24 0.021368759 
1142 551 10 10 0.021071954 
1037 552 9 9 0.021016862 
278 193 41 48 0.020575944 
1114 573 12 14 0.02023376 
