e53c9e3d06dc6eb2493693f4419be367_image2
34
343 403 183 221 0.9997019 
229 876 567 466 0.39573038 
845 319 13 18 0.37883466 
850 372 25 30 0.3180422 
903 322 15 18 0.29595807 
872 318 13 18 0.18096896 
879 241 13 15 0.12616678 
899 244 10 13 0.122369654 
924 1 16 18 0.10824893 
898 1 16 16 0.08707214 
722 1023 24 26 0.07555318 
782 317 14 19 0.060427353 
869 1132 15 19 0.05919633 
901 371 28 33 0.05122417 
295 -2 597 496 0.03901903 
810 330 14 16 0.033391356 
872 1216 30 30 0.03277033 
873 223 24 28 0.032213304 
732 240 18 18 0.031645987 
1078 320 14 18 0.031227233 
883 301 11 14 0.027699579 
939 316 14 19 0.026569426 
722 1034 27 31 0.026276074 
876 237 20 25 0.02405672 
981 220 13 16 0.024035873 
1030 483 28 32 0.023242855 
892 240 19 25 0.022951553 
808 314 15 19 0.022460205 
552 542 541 452 0.021907847 
890 1020 17 21 0.021621995 
747 748 452 488 0.02131814 
828 227 16 17 0.0211076 
0 815 576 482 0.020379564 
929 244 11 14 0.020352803 
