e9782e41c1bef0ede8012ec206c8480a_image2
23
122 203 556 764 0.99900925 
42 679 21 26 0.47814357 
62 747 23 28 0.17905495 
102 728 25 30 0.15715685 
10 755 21 31 0.1422054 
1 744 21 33 0.093957394 
0 655 15 23 0.0757941 
0 687 16 27 0.06304955 
146 810 32 38 0.057635974 
75 790 24 27 0.055262238 
140 742 25 31 0.05349073 
59 687 18 22 0.052639373 
37 775 26 31 0.050174627 
13 841 28 31 0.041759286 
71 699 18 21 0.035062447 
22 762 27 33 0.030530564 
93 744 21 25 0.02922256 
13 669 17 25 0.028437639 
33 670 37 46 0.02757948 
8 733 20 28 0.026641747 
95 720 25 30 0.024901249 
41 690 23 28 0.02408739 
67 735 25 29 0.02176697 
