e9af994d19616711d36993f19d26f399_image2
2119
380 175 138 195 0.96438175 
738 946 15 17 0.7138435 
732 829 10 14 0.5949595 
495 837 13 15 0.5487988 
525 915 14 16 0.52722704 
40 725 15 18 0.5253053 
807 818 13 16 0.49001047 
755 797 11 15 0.43356496 
62 772 13 16 0.41338754 
518 829 10 14 0.4012507 
126 622 16 19 0.39282143 
630 886 12 14 0.38202018 
141 686 12 15 0.37353227 
60 620 13 17 0.35621884 
73 638 14 14 0.35488686 
106 705 13 15 0.35276702 
558 916 15 19 0.33979967 
574 846 14 16 0.32801354 
446 868 14 16 0.31226346 
72 694 13 16 0.29695818 
94 747 12 15 0.29145116 
27 748 14 18 0.28971788 
646 826 11 13 0.28899735 
831 850 14 16 0.28583416 
147 658 13 15 0.28289956 
187 629 11 13 0.2794526 
525 827 11 14 0.27342734 
148 716 12 14 0.2649233 
751 817 13 16 0.2633546 
78 616 12 16 0.26165852 
91 689 14 17 0.25590938 
236 813 11 13 0.25465426 
193 834 15 17 0.2533257 
662 869 11 12 0.2516909 
388 797 13 16 0.24927671 
711 819 12 15 0.24553792 
806 847 14 15 0.24402562 
693 831 12 14 0.23778841 
77 259 12 14 0.21538927 
718 786 13 15 0.21465406 
669 901 13 16 0.21152346 
107 660 13 15 0.20825477 
703 712 16 18 0.20792297 
26 621 14 17 0.20400895 
50 670 13 16 0.2037749 
451 816 12 16 0.20361637 
158 679 15 17 0.20290664 
679 934 10 13 0.2028383 
587 874 13 17 0.20007466 
244 875 13 15 0.19928443 
472 788 10 11 0.19751577 
638 862 12 15 0.19686525 
606 851 13 15 0.19584072 
715 861 13 16 0.19571921 
550 917 13 16 0.19380957 
790 837 11 15 0.18990564 
713 852 14 16 0.18976462 
418 854 15 18 0.18953194 
121 711 10 12 0.1891516 
130 873 13 16 0.18901154 
731 780 11 13 0.18869159 
0 742 10 15 0.18862584 
322 810 14 16 0.18589115 
629 813 9 12 0.18474716 
281 804 11 15 0.18221977 
550 867 12 14 0.18184812 
112 732 12 15 0.18013516 
35 803 12 15 0.17947982 
178 708 13 15 0.1793057 
207 740 12 15 0.17852914 
147 876 14 16 0.1755687 
109 579 11 13 0.17451213 
839 784 13 16 0.17271703 
77 651 14 16 0.17086418 
783 803 14 16 0.17039713 
566 869 11 13 0.1701959 
695 770 13 15 0.16901177 
592 861 12 15 0.16726735 
520 930 13 16 0.16590345 
556 766 10 13 0.16518724 
48 606 13 15 0.16502044 
700 869 11 15 0.16446845 
144 651 14 16 0.16234028 
772 825 14 15 0.1594557 
177 739 12 15 0.15864377 
56 462 11 14 0.15753755 
197 724 11 13 0.15718962 
430 759 12 12 0.1528427 
775 755 11 12 0.15251696 
429 763 14 17 0.15189698 
565 958 15 18 0.15132298 
760 924 11 15 0.15016443 
644 862 10 13 0.14955105 
663 902 12 16 0.14936383 
543 831 11 13 0.14871652 
702 813 12 15 0.14869897 
806 833 13 16 0.14823133 
550 816 14 17 0.14688827 
371 789 14 17 0.14541958 
385 773 10 12 0.14303799 
59 714 13 15 0.14288457 
455 789 13 16 0.14135577 
625 853 11 14 0.14115304 
728 909 11 15 0.14043465 
835 918 12 15 0.14014028 
111 540 8 11 0.13984445 
118 645 11 13 0.13914739 
620 837 12 14 0.13856377 
694 931 11 14 0.13838267 
779 886 10 12 0.13739166 
726 780 12 14 0.13731202 
668 786 11 14 0.13730943 
743 922 12 15 0.13703312 
684 859 13 14 0.13677157 
84 741 14 16 0.13674171 
54 739 14 16 0.13642359 
52 612 14 17 0.13590196 
107 779 14 16 0.13589609 
611 893 12 15 0.1358636 
39 699 13 15 0.13545585 
645 786 13 15 0.13525626 
175 582 9 11 0.13516408 
290 850 16 17 0.13482177 
145 327 9 11 0.13437231 
785 773 9 11 0.13231575 
727 822 13 16 0.13086735 
78 738 14 17 0.13067938 
51 764 14 16 0.13055953 
133 567 10 12 0.13026045 
824 829 12 16 0.13013949 
559 773 10 11 0.12998462 
112 523 9 12 0.12825495 
515 960 13 17 0.12814549 
652 762 13 14 0.12766811 
531 877 14 17 0.12686868 
550 799 9 11 0.12679379 
231 805 11 14 0.12621973 
69 756 12 14 0.12570095 
519 858 10 13 0.12498504 
407 789 11 13 0.1247696 
533 799 10 12 0.124482326 
316 751 9 11 0.12437697 
590 828 11 12 0.12303886 
64 480 8 10 0.122643515 
462 819 11 15 0.12256837 
395 899 11 14 0.12210808 
590 868 13 17 0.12174694 
568 846 12 15 0.1216223 
462 813 10 14 0.12149948 
523 923 14 17 0.12088575 
551 885 11 12 0.12069864 
23 732 11 14 0.120231174 
716 940 12 14 0.12018274 
604 819 12 14 0.12014024 
129 421 8 10 0.12004214 
654 845 12 16 0.119538225 
81 366 8 10 0.119070895 
96 534 10 13 0.1190067 
404 752 11 12 0.11880112 
21 703 11 13 0.11773906 
597 868 12 15 0.116867766 
126 811 10 13 0.11663191 
591 820 12 14 0.114599675 
142 845 13 15 0.11441734 
542 946 13 16 0.11400103 
568 898 11 13 0.11328954 
397 822 13 16 0.11300883 
430 957 13 17 0.11281735 
97 620 11 16 0.112666324 
100 510 10 13 0.112281606 
751 759 8 10 0.1122561 
639 822 12 15 0.11177694 
845 746 12 16 0.11127241 
688 797 11 14 0.11044374 
207 780 13 15 0.11003504 
580 909 12 14 0.109638885 
678 898 12 16 0.10894181 
551 877 12 14 0.108647555 
549 893 11 15 0.10847983 
625 807 10 13 0.108249515 
69 334 11 14 0.10812444 
508 916 13 15 0.10660032 
110 679 13 15 0.10650827 
664 782 11 15 0.10649316 
199 796 12 14 0.10602835 
638 844 11 13 0.106005125 
715 795 13 15 0.105800204 
110 626 14 16 0.10555386 
792 789 11 13 0.10494436 
75 276 11 15 0.10467517 
136 757 10 15 0.10440022 
750 835 13 15 0.10277309 
581 903 11 13 0.102661505 
285 799 11 14 0.102502465 
66 657 14 18 0.10207142 
598 917 13 17 0.10191837 
680 836 13 15 0.101708464 
49 756 15 18 0.1014387 
611 885 11 14 0.10130053 
3 716 11 15 0.10092028 
545 788 9 11 0.10084714 
148 821 11 13 0.10011262 
782 861 13 16 0.09928879 
262 778 10 14 0.098127685 
623 844 12 13 0.09811528 
111 244 10 12 0.09809725 
181 675 12 14 0.09809223 
101 229 10 12 0.09793057 
712 827 11 13 0.097825795 
103 261 10 13 0.09761379 
101 309 9 13 0.0974597 
575 821 10 12 0.09724469 
828 805 13 15 0.09708316 
86 765 14 16 0.09686575 
4 811 13 16 0.09639361 
702 935 10 13 0.096310064 
662 862 11 14 0.096276164 
46 738 13 16 0.09622647 
85 262 11 13 0.09617089 
838 722 14 18 0.096059896 
524 814 12 13 0.095919006 
763 782 11 12 0.095872834 
598 819 11 14 0.09537641 
222 847 11 14 0.09496491 
323 846 15 17 0.09495585 
808 725 14 18 0.09484456 
482 764 11 12 0.09439252 
853 806 9 14 0.09344318 
593 790 9 12 0.09318615 
362 837 16 18 0.09257448 
82 659 14 17 0.09195822 
54 685 14 16 0.0911566 
53 245 9 12 0.09097231 
286 847 13 16 0.0909393 
169 811 13 16 0.09061156 
487 859 12 14 0.09053242 
319 216 191 276 0.09034861 
836 860 12 16 0.09007361 
133 206 9 11 0.0898736 
294 805 12 14 0.08976884 
122 789 14 17 0.089758545 
704 807 11 13 0.089674644 
640 788 11 14 0.089549676 
78 216 9 11 0.08949606 
190 777 14 16 0.08944375 
825 782 9 11 0.08914116 
389 775 9 11 0.08909038 
310 821 10 13 0.08833329 
44 276 10 12 0.088309176 
470 827 13 15 0.0879707 
347 810 13 16 0.087557785 
104 772 13 17 0.08746741 
646 957 12 15 0.08717625 
30 215 11 12 0.08681573 
72 732 12 16 0.086689025 
145 582 10 13 0.08660836 
483 926 12 14 0.08649459 
547 829 13 15 0.08631569 
497 813 10 12 0.08618319 
38 706 14 16 0.0856182 
618 830 13 14 0.085593194 
216 830 13 16 0.085582174 
69 324 10 13 0.08526961 
621 874 12 15 0.085222974 
32 332 8 10 0.085116945 
751 723 12 14 0.0848982 
632 820 10 13 0.08459053 
59 277 10 12 0.08450404 
134 182 10 11 0.08424355 
664 874 10 13 0.08420957 
619 790 12 14 0.08408781 
328 787 10 13 0.08374516 
68 763 13 17 0.083570875 
711 836 12 13 0.08350355 
68 652 14 16 0.08343592 
711 935 12 14 0.083119795 
301 806 10 13 0.08308883 
780 843 15 18 0.08281402 
313 791 9 12 0.08259698 
733 799 10 12 0.082544394 
46 526 9 11 0.08252092 
471 858 14 16 0.082424246 
700 830 11 14 0.082201585 
142 746 15 16 0.08197013 
498 840 14 16 0.0814093 
363 826 14 16 0.08140086 
813 789 10 13 0.0813576 
253 797 13 16 0.08130345 
581 882 13 15 0.08129974 
55 769 13 16 0.08126887 
765 789 11 13 0.081011906 
40 328 9 12 0.08073345 
727 774 12 15 0.080726914 
142 777 14 16 0.080427445 
577 753 8 9 0.08029406 
100 692 12 15 0.08017169 
4 667 12 16 0.07987984 
53 573 10 12 0.07983523 
344 765 12 13 0.07951109 
320 782 10 13 0.07915268 
755 861 11 14 0.07915202 
1 637 11 16 0.07897036 
754 829 12 15 0.07884457 
160 834 13 16 0.07872761 
614 925 12 15 0.078578785 
132 717 13 16 0.0782054 
191 596 9 12 0.078198984 
57 180 9 12 0.07813086 
768 846 10 14 0.07772707 
102 853 13 14 0.07743551 
345 853 15 17 0.077373885 
695 846 11 13 0.077371456 
48 190 8 10 0.077162825 
167 765 13 14 0.07658642 
40 276 10 13 0.07656709 
795 836 12 15 0.07636753 
687 868 13 15 0.07630161 
70 432 8 11 0.07624897 
298 881 14 18 0.07616808 
46 238 9 11 0.07616019 
464 828 10 14 0.07611474 
809 764 9 12 0.07590627 
189 889 13 16 0.07554165 
602 922 13 16 0.07551696 
524 901 13 15 0.07525262 
229 795 13 16 0.075237624 
750 793 12 14 0.07505883 
532 844 12 16 0.07505011 
134 697 14 16 0.074757084 
533 828 11 14 0.07474362 
196 763 14 16 0.074636996 
141 365 10 11 0.07457131 
162 636 14 16 0.07446911 
46 750 14 17 0.07444753 
545 891 10 14 0.07437591 
155 605 12 14 0.074283585 
109 221 9 11 0.074250035 
39 718 13 15 0.074229926 
167 807 13 14 0.07400862 
621 796 11 13 0.073984735 
605 875 13 16 0.07381592 
260 759 10 13 0.07374424 
47 627 13 16 0.073725626 
593 781 10 12 0.07351114 
327 773 11 13 0.073400505 
130 485 9 12 0.073289305 
543 783 9 13 0.073289245 
230 787 12 16 0.07317659 
559 963 14 16 0.07305329 
467 868 13 14 0.07286766 
398 782 10 12 0.07280081 
663 823 10 11 0.07277204 
7 142 8 9 0.07276645 
695 821 11 14 0.07266981 
766 775 11 12 0.07266224 
470 756 10 12 0.07247853 
720 775 10 12 0.07239294 
135 691 15 16 0.07187079 
520 916 12 16 0.07183798 
616 795 10 12 0.07182177 
47 397 11 12 0.071569204 
764 737 13 15 0.07147926 
4 741 12 16 0.07119664 
623 892 13 15 0.07114396 
44 541 11 13 0.07068601 
83 614 13 16 0.07030928 
40 431 8 10 0.070253424 
809 758 10 13 0.07017149 
589 900 10 13 0.07007902 
710 893 12 14 0.069995694 
288 763 11 14 0.069979064 
88 803 12 13 0.069783285 
124 659 15 16 0.06973318 
543 820 11 14 0.06973104 
141 645 14 17 0.06958659 
116 861 13 15 0.06958551 
231 784 10 12 0.06957656 
629 877 14 17 0.06947384 
615 869 12 15 0.069171086 
600 838 12 14 0.069127284 
711 759 9 11 0.06905972 
334 786 13 16 0.068950996 
583 892 12 14 0.068922155 
55 192 8 10 0.06891997 
696 873 12 15 0.06876829 
47 653 14 17 0.06863734 
600 805 10 12 0.068461515 
577 782 9 10 0.06824735 
533 889 13 15 0.068196096 
53 624 14 18 0.06804532 
511 803 10 13 0.06789835 
185 212 8 11 0.0678919 
55 422 9 12 0.06783314 
758 775 10 13 0.067641884 
80 772 11 14 0.06762079 
366 751 9 11 0.06757411 
640 781 12 15 0.067516156 
503 857 13 17 0.06744297 
301 751 10 11 0.06731451 
735 790 10 12 0.067258075 
8 566 9 11 0.06708944 
140 637 12 15 0.066859655 
29 373 10 12 0.06672973 
94 182 9 10 0.066663146 
766 758 11 12 0.06665599 
328 751 10 12 0.06645784 
552 771 10 12 0.06588296 
118 604 11 13 0.06573076 
55 443 10 12 0.06568248 
448 958 12 16 0.06565556 
136 763 12 16 0.06553189 
29 615 13 15 0.06549212 
503 888 12 17 0.06532967 
133 635 14 16 0.06526122 
581 753 9 10 0.065220654 
686 886 12 14 0.065210626 
101 460 10 12 0.06497776 
656 948 11 14 0.06474724 
561 781 9 11 0.06466347 
613 814 9 12 0.06460184 
773 773 10 12 0.0645374 
80 389 9 11 0.06437161 
72 256 11 14 0.06433748 
574 902 10 12 0.06429117 
821 870 12 16 0.06392462 
102 859 14 17 0.06391529 
712 791 10 12 0.06385267 
597 791 10 12 0.06378387 
644 814 13 16 0.063747056 
769 837 11 14 0.063510485 
628 860 14 16 0.06345711 
560 912 11 14 0.06342894 
641 798 10 12 0.063385986 
443 834 14 18 0.06308329 
85 777 14 18 0.06304577 
686 829 14 16 0.06291675 
633 916 14 16 0.06286114 
27 635 13 16 0.06273107 
509 853 12 15 0.062658936 
751 764 9 12 0.062624075 
364 865 14 17 0.06259134 
509 892 11 14 0.06257638 
330 766 9 12 0.062449 
162 828 15 18 0.062299162 
367 794 14 17 0.062277384 
493 918 10 13 0.06226294 
350 751 10 11 0.062219933 
749 925 11 14 0.062216885 
3 628 13 17 0.062043592 
519 822 13 17 0.06203447 
599 796 9 12 0.061987545 
134 176 10 11 0.061975982 
86 475 11 13 0.061880972 
605 806 11 13 0.06180787 
557 760 9 10 0.061751574 
709 866 13 16 0.06170915 
287 788 10 13 0.061645932 
318 789 9 12 0.06157593 
164 865 13 15 0.061388038 
684 843 12 14 0.06134102 
210 811 14 17 0.061235834 
128 181 9 11 0.061220665 
118 158 9 10 0.06112798 
775 850 13 16 0.061000634 
545 850 11 14 0.06094335 
75 684 14 17 0.060863066 
106 712 16 17 0.06082887 
607 814 11 14 0.06072051 
71 613 12 16 0.060693074 
543 915 12 15 0.060606413 
672 894 11 13 0.0605443 
72 164 8 11 0.06050534 
519 939 12 14 0.060211405 
15 541 9 11 0.06012579 
389 859 15 20 0.060112 
484 774 10 12 0.06006422 
34 811 14 16 0.060007844 
190 766 14 15 0.059908155 
296 811 11 13 0.05985813 
565 782 9 10 0.059818637 
660 942 9 12 0.059800856 
621 771 10 12 0.059787776 
136 392 9 10 0.059664093 
621 783 10 12 0.059596293 
566 875 12 14 0.059483368 
331 756 12 14 0.05943451 
15 535 9 11 0.059428453 
533 789 11 13 0.05939682 
173 713 14 16 0.059350003 
134 137 9 9 0.059238728 
20 727 12 13 0.059193123 
110 189 9 12 0.059091024 
413 877 14 17 0.059089243 
94 558 10 11 0.0590367 
151 764 10 13 0.059017867 
265 814 11 13 0.058996733 
53 262 9 12 0.058994565 
540 885 12 15 0.058956485 
73 216 9 11 0.058920544 
630 866 15 18 0.058833666 
86 452 10 13 0.05874683 
269 866 14 16 0.05849514 
783 911 11 13 0.058428314 
129 571 12 14 0.058371007 
534 950 13 17 0.05835597 
101 536 10 12 0.058334656 
764 795 11 16 0.058304854 
776 789 11 13 0.058261212 
43 548 11 12 0.058258884 
124 783 12 15 0.058015786 
96 229 10 13 0.058014963 
1 604 11 15 0.05798207 
631 934 13 15 0.057971682 
488 819 10 14 0.057924047 
15 279 10 12 0.057857834 
190 208 8 11 0.057760455 
544 774 9 12 0.057707492 
836 822 12 13 0.057698343 
331 771 11 12 0.057564434 
827 832 15 16 0.05751214 
565 912 12 15 0.057423733 
316 755 11 14 0.057422433 
756 853 11 14 0.057269268 
182 646 12 13 0.057236593 
651 788 11 14 0.05723394 
203 756 12 15 0.057104196 
181 574 9 11 0.0570108 
688 925 13 15 0.056983788 
168 179 11 13 0.056977883 
214 771 13 16 0.0569708 
113 166 9 10 0.05693944 
365 803 13 15 0.05673895 
438 814 13 15 0.05673038 
40 183 8 10 0.056725733 
191 716 12 15 0.05672008 
37 778 13 15 0.056671184 
304 835 12 14 0.056665894 
364 762 13 15 0.05662027 
16 342 9 10 0.05656077 
565 775 9 12 0.056491885 
459 795 10 13 0.056477744 
655 862 11 13 0.056445993 
95 615 10 14 0.056391492 
460 767 9 12 0.056345467 
37 221 10 11 0.056223586 
72 454 9 12 0.05619554 
103 766 12 15 0.05615222 
744 766 9 11 0.05615021 
182 634 13 15 0.05614437 
391 780 10 12 0.056095194 
831 63 15 18 0.056066927 
124 713 14 16 0.05602762 
453 828 12 17 0.056002993 
21 247 10 11 0.05600112 
157 765 11 12 0.055958003 
32 278 10 12 0.055941805 
685 930 13 16 0.055921167 
5 327 8 10 0.05590586 
92 406 11 12 0.05586923 
134 141 8 11 0.05577465 
103 430 9 11 0.055769883 
681 854 12 14 0.055622242 
60 518 12 14 0.05555183 
316 796 11 13 0.05553482 
749 910 11 13 0.055471003 
540 878 11 14 0.055416062 
703 852 9 12 0.055295765 
78 676 13 16 0.055262797 
117 737 13 15 0.055136204 
644 846 13 15 0.055120703 
141 722 13 15 0.055016674 
309 774 9 11 0.05498903 
92 359 10 12 0.05495162 
823 822 11 15 0.05476494 
250 854 12 13 0.054752525 
581 840 14 16 0.05463994 
104 222 9 11 0.054631677 
535 782 10 13 0.054618094 
53 567 10 13 0.05446265 
338 236 18 25 0.054442726 
61 286 9 11 0.054351486 
277 787 11 13 0.054338347 
30 717 11 14 0.054317035 
181 691 13 15 0.054292277 
55 270 10 13 0.05423856 
174 599 9 11 0.054175794 
96 437 9 11 0.054171596 
125 634 13 15 0.054166034 
32 566 9 12 0.05409736 
64 431 8 11 0.053910192 
232 835 11 14 0.053821247 
659 842 13 16 0.053779345 
78 542 11 13 0.053679384 
32 517 11 12 0.053649176 
79 383 9 12 0.053635787 
104 573 12 15 0.05346802 
96 236 10 13 0.053409282 
501 820 11 13 0.053365182 
293 758 10 13 0.053030383 
124 765 12 17 0.052962422 
78 335 9 12 0.052907463 
80 360 9 12 0.052844226 
277 749 10 12 0.052816913 
296 773 9 12 0.05275101 
753 774 11 12 0.052737813 
111 367 8 11 0.052729737 
48 254 10 13 0.052710235 
128 510 9 11 0.052687276 
466 751 9 12 0.052587263 
661 851 13 15 0.0525249 
791 782 12 14 0.052289903 
117 852 14 16 0.05222486 
742 774 9 11 0.0522107 
499 830 13 16 0.05219242 
7 219 9 11 0.052123997 
78 714 13 16 0.0520782 
533 821 10 14 0.052044954 
95 144 9 11 0.052033566 
0 781 11 14 0.05200682 
174 653 13 16 0.051988214 
117 770 14 15 0.051900495 
37 572 10 12 0.051900346 
222 781 10 12 0.05188641 
735 921 12 15 0.05181527 
46 430 8 11 0.051650282 
77 235 11 13 0.051607028 
44 534 10 12 0.051591646 
325 783 11 13 0.051561825 
45 294 9 11 0.05148414 
132 188 11 13 0.05145304 
303 774 10 12 0.051416896 
657 867 11 12 0.05139205 
447 808 12 15 0.051349923 
758 759 9 11 0.051347833 
629 845 11 13 0.05130831 
103 392 9 10 0.051171705 
796 738 12 15 0.05113486 
583 802 12 12 0.0510173 
468 877 12 14 0.051010277 
518 796 9 12 0.050987616 
740 845 13 15 0.050982714 
177 668 10 14 0.05094259 
572 827 14 15 0.05089971 
6 254 9 11 0.050886948 
134 803 13 16 0.05087933 
102 207 11 13 0.05083879 
180 749 12 14 0.05082462 
33 836 13 14 0.050684847 
277 823 13 15 0.050667986 
630 959 12 15 0.05062282 
787 796 13 16 0.05061289 
13 311 10 11 0.050604206 
135 770 13 16 0.050509416 
732 916 12 14 0.050505973 
181 836 13 17 0.05042706 
101 624 13 16 0.050409116 
487 962 11 14 0.05023811 
33 158 9 10 0.050020345 
70 738 13 18 0.04994606 
779 820 14 16 0.04980557 
31 438 9 11 0.049793273 
687 763 11 15 0.04971312 
193 734 10 12 0.04958228 
182 813 11 15 0.049567193 
62 456 9 11 0.04955315 
111 634 14 18 0.049347274 
743 796 10 12 0.04932705 
101 238 11 13 0.049301844 
33 302 9 12 0.049228698 
12 650 14 16 0.049183123 
785 811 13 15 0.049155947 
155 909 13 16 0.049152877 
130 708 14 16 0.049146798 
715 813 13 16 0.04911829 
612 821 11 13 0.04909065 
129 142 9 11 0.049089193 
687 812 12 15 0.049073394 
31 310 10 11 0.04897632 
67 580 11 12 0.048941128 
91 717 12 15 0.04883576 
104 212 10 13 0.048802525 
715 894 13 15 0.048717 
144 882 12 16 0.04870343 
556 884 10 12 0.048568513 
102 902 11 13 0.04853188 
682 891 14 18 0.048525076 
486 815 10 12 0.048475344 
52 397 11 12 0.048473682 
29 548 9 11 0.04845108 
84 572 12 14 0.04843061 
94 164 10 11 0.048363153 
24 334 9 11 0.04831002 
67 617 13 17 0.048285436 
27 676 12 15 0.048212696 
691 804 11 13 0.048199017 
744 818 12 16 0.048163187 
703 886 11 14 0.04807884 
583 914 12 15 0.048017543 
144 150 9 10 0.04798417 
208 220 8 10 0.047903463 
381 767 12 15 0.04789493 
735 759 10 11 0.04788625 
104 197 8 10 0.047864813 
117 649 14 16 0.047859706 
454 782 13 15 0.047839154 
510 845 12 14 0.047788553 
111 143 9 10 0.047770824 
128 382 9 11 0.047747232 
159 375 8 10 0.04773233 
206 274 10 14 0.04768283 
101 515 11 13 0.047668178 
405 764 11 13 0.047650542 
686 789 13 16 0.04763336 
135 397 8 10 0.047586508 
91 796 12 15 0.04755087 
115 780 14 17 0.04754801 
822 775 9 11 0.047507208 
568 753 8 8 0.047491573 
110 396 10 12 0.047486518 
78 765 12 16 0.047469944 
15 702 12 14 0.047367495 
261 803 11 14 0.047357567 
673 934 10 13 0.047316197 
6 818 13 16 0.047267623 
110 654 13 16 0.0471977 
153 293 10 12 0.04717435 
695 814 10 13 0.04713807 
371 801 13 16 0.04705881 
668 821 11 13 0.04703166 
503 923 12 16 0.04702823 
134 480 8 11 0.046975795 
558 799 9 11 0.046941202 
95 286 10 11 0.04693629 
73 283 10 12 0.046924036 
114 837 12 13 0.046830487 
63 159 9 11 0.046828672 
64 439 8 11 0.046818934 
31 316 10 12 0.046753347 
256 774 11 12 0.04672271 
175 745 12 15 0.04661949 
63 206 10 12 0.04659546 
166 660 12 14 0.046584383 
155 748 13 15 0.046581864 
38 303 9 10 0.046527665 
182 790 11 15 0.04645617 
396 947 13 15 0.046364065 
196 731 13 14 0.046336237 
14 270 9 11 0.046249814 
675 953 12 17 0.046064947 
352 782 9 12 0.046047576 
639 813 12 15 0.04594945 
95 819 13 15 0.04594041 
591 796 10 12 0.045875207 
94 196 9 11 0.045839604 
643 950 14 17 0.045819797 
47 183 8 10 0.04580728 
70 483 10 12 0.04578191 
21 695 12 14 0.045745376 
831 810 12 14 0.04572895 
133 422 9 10 0.04571903 
39 205 9 10 0.045685586 
568 814 9 13 0.0456612 
795 748 11 13 0.04565491 
79 461 9 10 0.045628633 
92 365 10 12 0.045589022 
116 659 14 16 0.045564704 
511 835 12 14 0.045502696 
118 150 9 11 0.04546349 
203 763 12 16 0.045447804 
54 239 10 12 0.04538034 
269 820 12 15 0.045348153 
633 827 10 13 0.04532982 
182 652 12 15 0.045325454 
686 821 11 14 0.04523563 
45 771 13 16 0.045212362 
532 814 11 14 0.04515512 
533 872 11 13 0.045149095 
119 811 12 15 0.045073908 
72 461 8 11 0.045016006 
501 782 11 12 0.044973712 
553 760 9 11 0.04496675 
704 863 10 13 0.044913862 
180 684 13 15 0.044897135 
120 548 9 11 0.044855613 
195 772 14 16 0.044791114 
62 191 9 11 0.044746615 
100 327 10 12 0.044701047 
292 787 11 13 0.044686254 
191 421 9 11 0.04468019 
175 556 9 12 0.044651736 
96 148 9 10 0.04463096 
198 789 12 15 0.04457097 
693 851 12 14 0.04456925 
302 827 13 16 0.04456514 
726 815 11 13 0.044555936 
170 771 13 15 0.044515915 
833 893 10 13 0.04450784 
17 247 9 12 0.044448998 
97 462 9 11 0.04443207 
832 767 10 12 0.04442271 
174 374 9 11 0.044360235 
518 875 12 16 0.044181462 
106 866 14 17 0.044167094 
93 190 10 12 0.04416701 
661 895 11 13 0.043953322 
62 293 9 11 0.043935634 
319 774 11 12 0.043931186 
227 892 13 15 0.04389163 
652 963 11 14 0.04388839 
726 718 11 13 0.043838713 
114 683 12 14 0.04382008 
83 836 14 16 0.0438195 
727 801 11 14 0.0437474 
476 789 10 13 0.04363002 
69 397 10 12 0.043609943 
521 757 10 11 0.04357607 
653 821 11 14 0.04349392 
125 543 9 11 0.04348831 
40 344 8 11 0.043441925 
375 766 9 12 0.043433778 
726 733 13 17 0.043405633 
582 870 14 16 0.043373637 
779 757 10 12 0.043373138 
448 789 9 12 0.043335333 
88 301 9 13 0.043327145 
21 719 11 14 0.04327977 
46 231 9 11 0.043228768 
704 939 11 15 0.043187942 
3 618 13 16 0.043169595 
7 284 9 11 0.043152336 
744 759 9 11 0.04313906 
56 286 9 10 0.043112736 
838 776 10 13 0.04301595 
215 764 14 17 0.042999662 
753 866 11 14 0.042970214 
531 909 13 17 0.042958077 
823 812 11 13 0.04292682 
129 127 8 9 0.04280396 
111 317 9 12 0.042783357 
48 373 10 12 0.042769514 
167 877 13 15 0.042591363 
709 946 12 14 0.042585783 
77 268 11 13 0.042579144 
450 862 14 18 0.042578913 
579 966 13 16 0.04255445 
651 827 11 13 0.04255211 
95 331 10 12 0.0425474 
211 784 13 16 0.042507052 
357 861 15 19 0.04243818 
94 411 10 12 0.042422034 
144 331 9 12 0.04241733 
733 716 12 14 0.042413026 
485 797 12 14 0.04232196 
676 763 14 15 0.04230946 
170 819 13 15 0.042248365 
167 714 13 17 0.042237904 
24 213 10 13 0.042234898 
99 742 12 14 0.04222262 
526 807 11 13 0.042165447 
112 494 10 11 0.042135946 
829 782 11 13 0.04211461 
26 733 13 16 0.042045224 
196 804 13 15 0.04200405 
118 487 8 10 0.041995853 
143 199 9 11 0.04193838 
133 881 13 16 0.041917194 
38 478 9 11 0.041890442 
526 894 12 16 0.041844197 
588 836 12 15 0.04183978 
126 548 9 11 0.041826293 
53 196 9 11 0.041814554 
55 427 10 12 0.041761275 
712 917 11 14 0.04167864 
87 382 9 11 0.041643865 
24 542 10 12 0.04163667 
79 189 8 11 0.04156678 
785 957 10 13 0.04156111 
453 806 11 14 0.041560832 
95 223 10 11 0.041442193 
582 861 12 14 0.041411873 
576 757 9 10 0.04137702 
89 144 8 10 0.04133767 
544 804 10 12 0.041312553 
6 206 9 11 0.04129748 
359 758 11 12 0.041215673 
87 533 10 12 0.041204996 
716 802 13 15 0.041096516 
462 781 11 15 0.0410822 
176 493 9 12 0.04106423 
11 748 11 14 0.041040394 
493 854 12 15 0.041026223 
808 773 9 12 0.040951192 
725 882 12 15 0.040900916 
190 788 12 15 0.040895615 
135 150 9 10 0.040886883 
789 861 11 14 0.040884912 
144 381 9 11 0.040831942 
637 851 14 16 0.040776707 
236 789 11 13 0.040754072 
209 196 9 12 0.040744197 
80 565 10 13 0.04070841 
95 208 10 12 0.040692814 
132 198 11 12 0.040438566 
414 836 13 16 0.04035194 
132 213 10 12 0.04033392 
5 694 10 12 0.040307056 
172 587 10 13 0.04030641 
23 328 10 11 0.04023187 
151 485 9 11 0.040208492 
189 840 15 18 0.04012218 
10 660 14 17 0.040062502 
63 236 8 11 0.040050853 
557 899 11 14 0.040045284 
117 461 8 10 0.0400281 
757 718 11 14 0.04001097 
158 862 12 15 0.039998498 
550 957 12 15 0.03995491 
102 655 12 14 0.039947778 
176 500 8 10 0.039889164 
63 814 13 15 0.039868835 
699 732 13 16 0.03985366 
256 765 10 12 0.039771575 
497 807 10 12 0.039699957 
133 416 9 10 0.03968832 
16 134 9 10 0.039687354 
84 716 13 16 0.03968294 
799 805 11 14 0.03960514 
564 930 12 14 0.039531063 
94 399 10 11 0.03950875 
695 905 13 16 0.0395021 
763 920 12 13 0.03947574 
86 580 12 13 0.039471447 
775 889 13 15 0.039465886 
160 582 9 12 0.039399493 
158 661 11 13 0.03938654 
727 833 13 16 0.039384864 
128 342 10 11 0.03937996 
126 238 10 13 0.03935786 
120 174 9 12 0.039346397 
724 866 12 15 0.039319318 
94 375 9 11 0.03931822 
286 771 11 13 0.03927631 
185 598 9 11 0.039240714 
680 820 11 13 0.03916911 
799 796 10 13 0.039134555 
589 853 12 15 0.039128408 
119 286 11 13 0.03912511 
159 630 13 14 0.038928982 
97 314 11 13 0.03888059 
531 901 12 14 0.03886742 
467 970 14 17 0.038846012 
822 787 10 12 0.03877797 
79 454 10 13 0.03876246 
94 382 10 10 0.038737368 
175 842 13 16 0.038728938 
376 772 10 12 0.038723897 
836 806 12 14 0.038720958 
640 956 11 14 0.038696684 
172 238 9 11 0.038677737 
127 175 10 12 0.038598385 
88 190 9 11 0.03855891 
11 827 12 14 0.038494706 
463 917 11 13 0.038468335 
423 771 13 15 0.038420714 
757 789 13 16 0.03841021 
87 365 10 12 0.03838483 
495 775 9 10 0.038365528 
44 333 10 12 0.038274877 
751 780 12 12 0.038203515 
105 367 9 11 0.03817818 
79 184 9 11 0.03817392 
462 807 10 12 0.03817108 
8 524 8 11 0.03815443 
744 894 11 12 0.038097337 
500 898 13 17 0.038040936 
171 757 13 15 0.037971728 
63 574 11 12 0.03793952 
791 731 13 17 0.037910737 
645 878 11 13 0.03790472 
27 701 13 15 0.037865404 
63 143 8 9 0.03776106 
835 900 11 13 0.03773526 
271 781 11 13 0.037719265 
349 756 10 12 0.03769558 
69 356 10 12 0.037691236 
141 391 9 10 0.037564624 
113 332 9 12 0.03753627 
15 316 9 12 0.037496563 
740 931 15 16 0.037490934 
109 215 10 12 0.037478764 
107 692 14 17 0.037447717 
88 196 10 12 0.037446328 
351 789 9 12 0.037441805 
104 373 9 12 0.037441112 
480 900 12 15 0.037362877 
798 843 12 15 0.03727911 
54 340 9 12 0.037262958 
10 740 12 15 0.03723311 
144 320 9 10 0.037214413 
312 744 8 11 0.037204143 
824 799 11 13 0.03720337 
77 149 9 10 0.037167784 
62 443 9 12 0.03712903 
111 461 10 11 0.037090432 
170 780 13 17 0.037081953 
117 493 9 11 0.03706923 
752 930 11 14 0.037068814 
37 588 11 14 0.03706692 
711 847 13 15 0.037042942 
39 166 9 11 0.037032407 
440 788 10 12 0.03702654 
157 757 11 15 0.03694834 
648 929 11 15 0.036899563 
85 430 10 12 0.036889203 
111 413 10 11 0.03685757 
55 319 9 12 0.03681269 
96 503 10 12 0.03676075 
46 558 10 12 0.0367496 
8 572 11 13 0.036683213 
62 321 11 12 0.036665693 
222 858 14 19 0.036657996 
662 774 10 14 0.036653265 
631 780 10 13 0.03663746 
224 789 10 13 0.036631525 
710 764 11 15 0.036599495 
519 899 12 14 0.036564168 
71 829 13 15 0.036526065 
86 411 11 13 0.036504667 
383 757 10 12 0.036466498 
375 751 8 10 0.036455248 
120 260 10 13 0.036430333 
430 752 11 12 0.03641153 
184 430 9 10 0.036353197 
39 255 9 11 0.036344074 
846 756 10 12 0.03628584 
571 893 13 15 0.036278777 
543 751 8 10 0.036218375 
245 815 11 14 0.036218178 
686 756 12 14 0.036192533 
580 820 12 14 0.0361154 
156 600 10 12 0.0360948 
702 788 10 13 0.036083065 
94 696 13 16 0.03602941 
0 263 9 11 0.03602788 
119 527 9 11 0.03589035 
147 636 12 15 0.035884928 
549 783 10 12 0.035848904 
789 957 12 15 0.035818174 
40 239 10 11 0.035816986 
439 781 10 12 0.035778277 
390 790 13 16 0.035775803 
31 240 10 12 0.03576491 
111 294 9 11 0.035716187 
111 372 8 11 0.03564422 
519 751 10 12 0.035639115 
663 828 11 13 0.035605755 
545 799 10 12 0.03554878 
63 421 9 11 0.03548612 
540 910 12 15 0.035479985 
48 438 9 11 0.03542816 
445 920 14 16 0.035384823 
414 751 11 12 0.03536704 
179 580 10 12 0.035364974 
62 503 10 11 0.035356287 
605 798 10 12 0.03534983 
30 368 10 11 0.035338696 
48 445 9 12 0.035331305 
62 176 9 11 0.03529605 
734 764 10 11 0.0352818 
52 252 10 13 0.03527309 
392 753 8 10 0.035243403 
191 451 10 12 0.035218876 
135 350 9 10 0.035207704 
567 837 11 15 0.035166834 
310 813 12 15 0.035162184 
139 626 14 17 0.035144605 
145 303 7 9 0.0351437 
0 673 12 17 0.03512947 
61 746 14 17 0.03511738 
511 898 11 15 0.035079587 
69 726 13 16 0.035068195 
414 843 15 17 0.03505122 
88 183 9 11 0.035032913 
69 707 13 15 0.03502658 
475 781 13 14 0.03502392 
71 232 10 12 0.035022423 
503 909 11 14 0.03500394 
644 804 11 13 0.034990013 
635 910 12 14 0.034952793 
128 292 9 12 0.034871824 
149 319 9 10 0.034854326 
22 669 14 17 0.034849066 
185 421 9 12 0.034828387 
49 198 9 11 0.03482169 
150 859 13 15 0.034790087 
799 812 13 17 0.034787428 
28 683 12 14 0.03478659 
103 244 10 12 0.03474473 
45 343 10 11 0.03471898 
70 559 11 13 0.03470389 
797 862 13 14 0.03470368 
402 827 12 15 0.034692615 
61 509 10 12 0.03468484 
60 603 14 18 0.034672294 
45 301 10 11 0.034668323 
55 404 11 12 0.034528386 
68 713 14 17 0.0345213 
105 190 9 11 0.034465916 
630 839 11 13 0.03442079 
147 665 14 15 0.03441545 
270 827 12 15 0.0343877 
544 861 12 15 0.034296144 
63 375 10 12 0.034265433 
112 488 9 10 0.034262534 
677 770 12 15 0.034254003 
159 219 10 12 0.034246854 
687 876 12 14 0.03423881 
590 916 11 14 0.03413195 
111 348 10 12 0.034131713 
168 582 10 13 0.03412979 
787 767 13 14 0.034124155 
605 791 9 11 0.034123223 
69 119 9 10 0.034101684 
142 422 8 10 0.03409556 
119 803 13 18 0.03402081 
667 854 11 13 0.034008853 
853 867 11 15 0.03398668 
109 805 11 14 0.03397134 
411 63 47 65 0.033958856 
296 749 10 11 0.033952832 
284 821 12 14 0.033879653 
109 811 12 15 0.033862848 
31 431 9 11 0.033856496 
119 269 10 12 0.03385067 
268 775 11 13 0.033792213 
93 446 10 12 0.033752847 
574 883 13 15 0.033752706 
157 424 10 12 0.03374362 
125 262 9 11 0.03373097 
110 271 9 12 0.033673596 
47 205 9 10 0.03366348 
146 684 13 16 0.03365017 
94 261 10 13 0.03364716 
134 342 9 11 0.033646688 
111 829 12 15 0.033608165 
435 961 15 19 0.033589225 
430 744 9 11 0.033588096 
142 814 12 15 0.03353695 
70 493 10 12 0.03351535 
746 917 12 15 0.03349366 
192 574 7 11 0.033484023 
37 787 14 17 0.033482097 
710 771 11 15 0.033465113 
129 491 9 13 0.033455532 
128 167 8 11 0.033452015 
382 753 9 10 0.033432532 
766 902 10 12 0.033423904 
583 971 12 16 0.033399206 
600 828 10 13 0.03338987 
488 836 12 16 0.03337237 
669 844 10 13 0.033366956 
40 174 7 10 0.033343133 
500 867 12 16 0.033306606 
691 862 12 14 0.033277377 
828 867 12 15 0.033261444 
100 684 14 17 0.03325928 
548 789 10 11 0.033255808 
478 757 13 15 0.033249713 
612 858 12 16 0.033199936 
7 268 9 12 0.033161018 
806 798 11 12 0.033151083 
177 732 13 16 0.033150133 
228 900 12 14 0.03311201 
94 294 10 11 0.03306344 
13 718 12 15 0.03298327 
102 503 9 12 0.0329805 
456 771 12 14 0.032973766 
158 611 11 13 0.03292824 
56 524 9 12 0.03289344 
121 533 10 12 0.03286055 
47 404 10 12 0.03285071 
102 796 11 14 0.03283355 
88 332 9 12 0.032824527 
101 614 10 13 0.032818727 
150 382 8 10 0.032784358 
660 956 13 14 0.03274279 
72 175 8 10 0.032738473 
410 965 17 19 0.032727975 
224 749 11 12 0.032696545 
652 926 12 14 0.032691553 
76 709 12 15 0.032687787 
152 430 8 11 0.032684263 
118 367 9 12 0.032677982 
849 907 11 15 0.03264843 
662 759 9 12 0.032574713 
692 918 13 15 0.032565452 
616 766 11 13 0.032565143 
7 365 9 11 0.032559916 
77 724 13 15 0.03255176 
72 190 8 11 0.032493982 
622 820 11 13 0.032431386 
44 326 10 12 0.03241648 
96 244 10 12 0.032305475 
572 838 15 18 0.032287233 
184 754 11 14 0.03226634 
175 344 9 11 0.03226155 
396 774 11 13 0.032253403 
104 566 10 12 0.032250427 
495 868 12 16 0.032228254 
127 406 10 10 0.032219324 
711 909 12 14 0.03219835 
0 610 13 18 0.032163814 
774 766 10 12 0.032147635 
526 753 10 12 0.032137174 
806 807 12 14 0.03211209 
597 912 12 15 0.03207846 
197 611 12 15 0.032074198 
110 455 9 11 0.032071732 
846 835 13 16 0.032067984 
110 500 10 12 0.032064475 
86 214 9 11 0.032038756 
383 799 13 17 0.032030735 
492 923 11 14 0.032027707 
112 159 9 11 0.032011602 
13 183 9 10 0.03201029 
80 372 9 12 0.03199048 
143 398 9 10 0.031977538 
101 814 12 15 0.031936247 
14 549 10 11 0.031913582 
117 621 14 16 0.031906087 
5 643 12 15 0.031898443 
132 446 10 11 0.03189395 
485 803 11 14 0.031800173 
549 908 13 16 0.031785652 
536 989 15 18 0.031778123 
576 776 8 11 0.031759024 
188 853 14 17 0.03170784 
6 333 8 11 0.031671632 
691 758 12 14 0.031663563 
61 722 14 16 0.031656504 
96 422 9 12 0.03165486 
560 850 11 14 0.031629108 
78 320 9 11 0.03161886 
102 423 10 12 0.03161484 
397 788 13 15 0.03156371 
3 773 13 14 0.03151163 
338 837 12 16 0.031476174 
366 771 12 13 0.03147107 
96 431 9 11 0.03145687 
36 511 10 12 0.0313979 
79 508 10 12 0.031391926 
64 778 14 16 0.031382024 
80 14 8 9 0.031364314 
142 176 9 10 0.031360332 
7 579 11 13 0.03134061 
152 166 9 10 0.031327672 
605 930 12 16 0.031325664 
111 343 9 12 0.03131999 
144 430 9 11 0.03130826 
45 221 10 11 0.031296127 
569 948 14 16 0.03126931 
668 860 10 13 0.031259194 
133 493 10 11 0.031253606 
31 694 11 13 0.031241558 
94 277 10 13 0.03120697 
678 787 11 14 0.031124232 
110 310 10 12 0.031092197 
64 356 10 12 0.031077629 
30 262 9 12 0.031075994 
128 399 9 10 0.031069186 
699 720 16 18 0.031052727 
670 796 10 13 0.03101808 
776 783 10 13 0.030989315 
120 180 9 11 0.030984133 
62 213 9 12 0.030982401 
812 751 12 14 0.030981068 
83 877 13 14 0.03096901 
30 208 10 10 0.030965101 
832 909 11 13 0.030959645 
470 775 11 14 0.030907508 
656 899 13 18 0.030895552 
116 244 10 12 0.030890055 
21 278 10 13 0.03084857 
134 749 12 15 0.030779632 
839 932 10 13 0.030726245 
84 675 14 16 0.030718964 
664 796 10 12 0.03069831 
64 197 10 12 0.030678865 
110 429 10 11 0.030673163 
670 706 15 16 0.03067023 
118 350 9 11 0.03066979 
85 460 10 12 0.03066785 
151 375 9 11 0.030660678 
525 833 12 16 0.030652355 
581 828 12 14 0.03063195 
79 665 14 17 0.030580059 
148 628 11 15 0.030575944 
620 898 13 17 0.03057566 
204 727 10 12 0.030571295 
445 751 9 11 0.030546334 
190 795 11 14 0.030499185 
781 781 11 14 0.030491795 
280 758 10 12 0.030489044 
750 751 10 13 0.030483413 
775 802 14 16 0.030466244 
88 359 9 12 0.03046602 
127 503 10 12 0.030460088 
117 667 14 15 0.030451661 
72 302 10 13 0.03043001 
99 753 13 16 0.030417927 
8 278 8 11 0.030396543 
14 732 12 14 0.030390669 
421 797 13 14 0.030339466 
581 923 11 13 0.030288573 
53 486 9 12 0.030234393 
85 527 10 13 0.030229164 
24 208 9 11 0.03021344 
677 804 11 15 0.030202363 
55 543 9 12 0.030196274 
40 188 9 11 0.030155186 
471 795 11 13 0.030141756 
685 937 13 17 0.030140413 
717 907 13 16 0.030098904 
557 836 11 13 0.0300934 
249 749 10 11 0.030079894 
157 895 13 15 0.03007362 
439 751 9 11 0.030069645 
64 164 9 11 0.030057587 
182 469 10 11 0.030053321 
179 724 12 15 0.03004603 
556 827 10 14 0.030042062 
228 853 13 16 0.030017838 
358 789 11 13 0.030011332 
814 773 10 11 0.029997908 
94 303 11 12 0.029959043 
621 954 14 16 0.029921524 
524 859 12 14 0.029919712 
150 622 11 13 0.029918376 
708 973 13 15 0.029901661 
32 182 8 10 0.029884605 
348 773 10 12 0.029859815 
147 852 13 16 0.029839156 
733 860 13 18 0.0298161 
119 238 10 12 0.029776413 
745 723 10 13 0.029767431 
62 597 13 16 0.02975843 
844 845 12 15 0.029746838 
143 575 9 12 0.029728055 
15 613 11 15 0.029720232 
72 469 9 11 0.029652558 
239 953 16 21 0.0296376 
112 149 8 10 0.029622637 
102 151 8 10 0.0296194 
190 812 13 16 0.02960259 
758 764 11 13 0.029582517 
317 817 13 16 0.029580642 
397 834 15 18 0.029553147 
164 787 14 16 0.029528309 
143 373 10 12 0.029525362 
75 757 12 15 0.029509265 
845 811 12 15 0.029502392 
78 447 10 12 0.02949076 
718 715 11 15 0.029452931 
246 767 10 12 0.029444573 
342 797 11 13 0.029436588 
192 167 7 10 0.029436547 
674 904 14 17 0.029380893 
509 811 10 14 0.029372884 
135 908 13 16 0.0293592 
86 389 9 12 0.029354442 
118 222 9 11 0.029334137 
484 756 13 15 0.02933161 
56 213 9 11 0.029323956 
22 615 13 16 0.029307917 
389 757 11 12 0.029306317 
694 936 12 17 0.029276676 
184 199 8 10 0.029272327 
445 774 10 13 0.029258598 
775 795 12 17 0.029219652 
534 862 11 13 0.029195884 
69 421 9 11 0.02919534 
63 565 9 12 0.02916046 
688 919 11 13 0.029113527 
144 438 9 11 0.029097708 
110 471 10 11 0.029092051 
511 931 12 14 0.029056637 
30 175 9 11 0.029052086 
261 744 8 11 0.029045455 
735 952 14 17 0.029041734 
88 588 11 13 0.029034365 
68 605 12 15 0.02903415 
125 528 9 10 0.029024972 
93 269 10 12 0.029020064 
255 789 12 15 0.029015277 
194 399 8 10 0.029012838 
462 893 13 16 0.029010477 
390 824 15 19 0.029003613 
800 868 14 16 0.028997837 
109 227 10 13 0.028968971 
84 542 10 12 0.028892078 
574 767 8 10 0.028887147 
87 318 9 12 0.028848376 
809 827 14 17 0.028837088 
677 813 11 14 0.028785465 
711 925 12 14 0.02877705 
804 860 14 16 0.028769925 
468 916 12 14 0.028739903 
618 947 15 17 0.028720059 
221 758 11 12 0.028677525 
150 575 9 12 0.028648918 
125 283 12 15 0.02863318 
112 326 10 13 0.028628923 
134 461 9 11 0.028560262 
124 597 11 14 0.028517777 
128 440 8 10 0.02851737 
160 318 8 10 0.02849693 
47 215 9 11 0.028492723 
55 336 9 11 0.028470753 
654 886 11 14 0.028462432 
153 350 9 11 0.028460072 
47 317 9 11 0.028443795 
661 925 10 13 0.02842439 
126 311 9 12 0.028407637 
5 263 10 12 0.028394975 
37 436 9 11 0.0283781 
46 142 9 10 0.02836619 
90 165 8 10 0.02836343 
831 787 11 14 0.0283617 
172 827 11 15 0.028341126 
749 842 13 16 0.028334035 
432 939 12 14 0.028330939 
654 931 11 15 0.028308187 
102 143 9 10 0.028299838 
644 836 11 14 0.028299212 
127 159 8 9 0.028296081 
55 207 9 11 0.02829555 
57 457 9 11 0.02828207 
852 831 10 14 0.02828052 
346 863 16 20 0.028274894 
765 766 11 12 0.02825604 
92 837 12 15 0.028239327 
86 626 12 15 0.028201502 
853 844 10 14 0.028184813 
102 786 12 16 0.028146582 
108 874 13 16 0.028122542 
70 503 10 12 0.028108375 
629 896 13 16 0.028058846 
344 751 9 11 0.028006157 
135 303 8 10 0.028004145 
742 836 12 15 0.028004104 
788 852 12 15 0.027988188 
72 144 8 9 0.02797707 
400 755 11 13 0.027970044 
118 166 9 12 0.027955832 
159 574 9 11 0.027918769 
830 822 13 16 0.02790551 
96 494 10 12 0.027891174 
781 737 13 15 0.02788161 
197 740 14 15 0.027841248 
759 731 13 16 0.027769884 
743 781 10 11 0.027740961 
167 303 8 10 0.027719188 
119 455 8 11 0.027717797 
78 173 10 12 0.027658219 
686 772 12 13 0.027642654 
701 815 19 22 0.027628563 
168 233 10 12 0.027628342 
212 882 14 18 0.027620157 
536 941 11 14 0.027611313 
525 851 12 15 0.027604707 
101 158 9 11 0.02759963 
278 774 12 14 0.027581152 
15 216 8 11 0.027579956 
775 825 20 23 0.027569043 
127 375 8 11 0.027559059 
775 879 13 16 0.027549222 
40 557 9 12 0.027521912 
151 551 9 10 0.027507901 
135 159 8 10 0.027503839 
84 549 10 12 0.027468625 
142 341 8 11 0.027453605 
149 757 13 15 0.027450003 
118 291 9 12 0.02744066 
474 834 14 17 0.027430592 
116 844 14 16 0.027429588 
72 134 9 10 0.027408846 
685 949 10 13 0.027379144 
135 642 13 15 0.02737547 
671 914 12 13 0.027338708 
135 244 10 12 0.02733798 
630 790 10 12 0.027336193 
142 181 8 11 0.027301285 
612 844 13 16 0.027298164 
15 205 8 10 0.027292727 
135 778 12 16 0.0272908 
92 677 14 16 0.02727804 
9 534 8 11 0.027237294 
117 254 11 13 0.027226688 
718 765 11 14 0.027223846 
68 818 13 15 0.027214848 
196 779 14 16 0.027189251 
461 964 16 20 0.02717412 
47 423 9 10 0.027156249 
117 612 12 15 0.027126737 
487 919 11 13 0.027060287 
526 955 11 17 0.027051486 
86 221 9 11 0.027014965 
193 374 8 11 0.027002718 
64 254 9 12 0.02695378 
438 839 15 19 0.026911529 
15 628 10 14 0.026908593 
176 348 9 11 0.026904002 
539 953 13 17 0.026877513 
71 405 10 12 0.026866725 
36 610 11 14 0.02684235 
80 350 9 12 0.026838703 
150 447 9 10 0.026833847 
14 302 10 11 0.026825566 
309 844 16 18 0.026816268 
33 445 9 11 0.026807327 
741 717 10 13 0.026804542 
199 375 10 12 0.02678957 
134 440 8 10 0.026776727 
812 720 11 13 0.026769694 
119 112 9 9 0.026764574 
142 666 13 16 0.026751323 
56 476 10 12 0.026746966 
509 823 11 14 0.026737684 
308 804 12 15 0.026718434 
70 526 8 11 0.026701214 
476 841 13 16 0.026650377 
727 902 12 14 0.026621114 
484 779 12 14 0.026607452 
101 382 10 11 0.0266026 
37 470 9 11 0.026602373 
615 759 10 10 0.026584802 
80 430 10 13 0.02653375 
104 396 9 11 0.026501518 
756 845 13 16 0.026497427 
482 875 12 15 0.026490148 
543 899 12 15 0.026486482 
247 801 13 16 0.026477844 
613 918 11 16 0.026475476 
198 572 10 13 0.026464632 
693 884 11 14 0.026461437 
210 735 12 14 0.026450932 
184 820 11 14 0.02642914 
47 309 10 13 0.02641908 
191 612 13 14 0.026404181 
171 796 14 16 0.026399905 
765 947 13 14 0.026397172 
501 876 11 14 0.02639154 
137 359 10 11 0.026389854 
8 304 9 11 0.026388004 
168 533 10 11 0.026387883 
118 819 11 14 0.026381807 
152 415 9 10 0.026359929 
8 542 9 11 0.026358161 
742 911 13 14 0.026349444 
159 366 9 12 0.026328545 
406 773 11 12 0.026318975 
701 926 11 14 0.02629247 
21 774 12 15 0.026292264 
136 534 9 11 0.026291605 
766 885 11 14 0.02628444 
134 730 13 16 0.026267434 
15 199 9 11 0.02623434 
652 796 11 13 0.026229091 
168 567 8 11 0.026226904 
144 405 8 10 0.026223576 
301 799 11 13 0.026222546 
25 564 9 11 0.026199926 
767 749 12 14 0.026194014 
79 557 10 12 0.026147714 
56 511 9 11 0.026136894 
471 883 12 13 0.026109904 
111 197 8 10 0.026087372 
722 940 12 14 0.026020385 
193 549 9 12 0.02598831 
518 807 10 12 0.025985802 
61 547 11 12 0.025980175 
246 858 14 16 0.025960261 
776 932 11 13 0.025930557 
436 771 12 15 0.025929544 
584 946 12 16 0.025928227 
296 744 9 11 0.025919123 
656 892 12 15 0.025881704 
280 764 11 12 0.025878351 
102 732 11 14 0.025874732 
853 4 11 16 0.025848383 
128 151 8 10 0.02581215 
582 775 10 12 0.025793802 
92 786 13 16 0.025751382 
654 839 12 14 0.025741551 
703 758 10 12 0.025704905 
497 780 10 12 0.025703551 
147 691 12 16 0.025699293 
295 821 13 16 0.025688436 
581 813 13 15 0.025658283 
175 446 9 11 0.025654014 
88 308 9 12 0.025650125 
667 877 12 14 0.025644446 
135 850 12 15 0.02564232 
77 830 12 15 0.025623653 
12 566 9 11 0.025598304 
119 438 8 10 0.02559771 
303 744 9 11 0.025541836 
160 327 9 12 0.02553155 
228 884 12 15 0.025525538 
165 732 13 16 0.025508316 
173 244 9 12 0.025494121 
766 878 11 14 0.02548116 
175 151 9 11 0.025457377 
718 877 13 16 0.025451586 
836 812 13 15 0.025441865 
734 963 12 15 0.025428466 
358 750 11 12 0.025414681 
79 436 10 12 0.025408989 
30 399 10 12 0.025408952 
711 781 10 13 0.025375405 
568 758 8 10 0.025365606 
431 933 11 14 0.025327966 
659 763 11 15 0.025316782 
493 819 12 15 0.025297856 
432 835 13 17 0.02527418 
172 174 10 12 0.025269818 
640 821 20 23 0.025267944 
647 760 13 14 0.025260523 
145 446 9 10 0.025237579 
344 759 11 12 0.025221854 
95 732 12 15 0.025216838 
64 367 9 11 0.025215372 
528 790 10 13 0.025213081 
78 144 9 11 0.025199417 
160 806 12 14 0.02518734 
192 224 8 11 0.02517464 
149 399 9 11 0.02516428 
435 950 13 16 0.025139708 
571 915 13 16 0.025121694 
144 144 9 10 0.025090925 
151 289 10 11 0.025084075 
500 955 12 15 0.02508292 
87 373 10 12 0.02507414 
117 327 10 12 0.025071146 
229 859 14 18 0.025060698 
317 829 12 14 0.025054762 
151 191 9 11 0.025029412 
567 767 10 11 0.025010446 
102 304 10 12 0.024998177 
652 813 12 16 0.024979165 
111 358 9 12 0.024962017 
821 767 9 12 0.024945714 
726 766 11 13 0.024923157 
487 843 11 14 0.024919773 
119 478 9 12 0.02490611 
24 175 9 11 0.024904566 
160 182 10 12 0.024869189 
165 286 9 11 0.024847135 
740 859 13 18 0.024818523 
136 373 9 12 0.024805125 
501 797 11 14 0.024778623 
32 778 12 16 0.024769673 
47 175 9 11 0.024760997 
29 761 13 15 0.024754794 
95 390 10 11 0.024742173 
85 255 10 13 0.024714487 
490 933 13 14 0.024669979 
158 167 9 11 0.024666214 
85 829 13 16 0.02465278 
79 77 9 10 0.024642617 
589 910 11 14 0.024642466 
748 900 11 14 0.024640633 
236 794 12 16 0.024630688 
703 779 12 14 0.02458807 
629 773 10 13 0.024586897 
137 268 10 13 0.024574494 
112 605 10 13 0.0245708 
165 758 13 15 0.024559965 
77 768 19 23 0.024538685 
453 841 12 16 0.024524355 
223 744 11 12 0.024509147 
382 778 11 14 0.024500256 
118 430 8 11 0.024491055 
45 683 13 16 0.024474086 
776 910 10 13 0.024466652 
158 158 9 11 0.024456788 
155 714 13 17 0.02443105 
157 447 8 10 0.024426311 
104 293 9 11 0.024424044 
652 781 12 15 0.024421783 
798 851 13 15 0.024412481 
32 471 9 11 0.024401357 
509 757 10 12 0.024396718 
2 788 12 15 0.02439346 
447 796 12 14 0.024383152 
94 454 10 11 0.024380578 
174 643 12 14 0.024374675 
374 757 10 13 0.024354823 
591 953 12 15 0.0243467 
12 755 11 14 0.024327293 
38 284 10 12 0.024326855 
70 414 10 12 0.024287382 
182 830 13 15 0.024281668 
431 812 12 17 0.024278656 
38 464 9 11 0.024270086 
5 244 11 13 0.024267262 
263 853 12 13 0.024265653 
49 463 9 12 0.024257932 
661 933 11 14 0.024245564 
86 421 10 12 0.024233123 
221 812 11 16 0.02422483 
733 59 16 18 0.024217874 
88 207 9 11 0.024217844 
571 923 13 16 0.02420441 
169 374 9 11 0.024171583 
69 598 11 13 0.024166172 
23 597 10 13 0.024160292 
83 636 11 14 0.024155559 
133 789 11 15 0.024145411 
101 175 9 11 0.02412285 
656 920 9 12 0.02411349 
192 603 11 14 0.02410839 
590 805 9 11 0.024107756 
94 636 12 15 0.02410073 
65 119 9 10 0.024088971 
175 468 9 11 0.024074078 
112 127 8 10 0.024062073 
108 260 11 13 0.024061413 
53 701 13 15 0.024029667 
90 669 13 15 0.023981703 
17 472 8 10 0.02398022 
109 795 13 16 0.02397184 
597 927 14 17 0.023952883 
70 206 9 11 0.023950338 
168 555 10 12 0.023921061 
192 367 8 10 0.023909375 
38 446 9 12 0.023892999 
17 337 8 11 0.02388678 
427 789 12 13 0.023815649 
118 343 10 11 0.023812639 
122 860 13 16 0.023807919 
614 906 12 15 0.023790095 
109 756 14 15 0.023784785 
70 381 10 12 0.02375572 
15 525 9 11 0.023748362 
23 148 9 11 0.023728527 
56 142 8 9 0.023721684 
467 931 13 15 0.023662796 
415 774 11 13 0.023659416 
15 94 8 9 0.023653997 
493 907 13 16 0.023653258 
143 415 8 11 0.023650758 
6 238 10 12 0.023647964 
158 349 9 11 0.023643576 
157 669 15 17 0.023643024 
5 766 12 14 0.02361773 
417 810 14 19 0.023607064 
156 690 14 17 0.023598548 
0 722 9 14 0.023590913 
821 909 12 14 0.023569033 
165 254 9 11 0.023547387 
230 817 13 16 0.023544025 
31 403 10 12 0.023535421 
63 588 11 13 0.023530522 
238 900 12 15 0.023521092 
620 940 14 16 0.023514556 
672 885 11 14 0.02351126 
762 718 12 14 0.023490544 
228 725 11 13 0.023487559 
33 284 9 12 0.023483371 
311 767 9 11 0.023480993 
176 167 9 11 0.02347328 
75 628 15 17 0.02346986 
176 212 8 11 0.023433728 
33 342 9 11 0.023433363 
670 805 13 16 0.02342436 
55 359 8 10 0.023422133 
129 480 9 12 0.023420991 
854 915 10 14 0.02340134 
58 468 12 13 0.023392795 
566 883 13 15 0.023386601 
478 811 13 15 0.023381913 
261 890 13 15 0.023375377 
78 412 10 12 0.023367861 
759 884 10 13 0.023366913 
23 229 9 11 0.023363061 
102 182 9 11 0.02335121 
534 835 12 16 0.023332957 
582 790 10 12 0.02329725 
371 820 12 16 0.023289505 
24 399 9 12 0.02323926 
104 268 11 14 0.023227697 
188 749 13 15 0.023221366 
5 351 8 10 0.023211705 
467 813 12 14 0.02319768 
175 540 9 11 0.023197584 
104 349 9 12 0.023191048 
86 436 10 11 0.023175066 
102 407 9 11 0.023162484 
528 773 10 12 0.023156198 
88 397 10 12 0.02313844 
416 947 11 13 0.023108536 
126 617 13 15 0.0231075 
129 15 7 9 0.023088189 
591 767 10 10 0.023085622 
483 866 14 17 0.023060359 
118 143 9 11 0.023049636 
816 873 12 15 0.023028713 
213 748 10 12 0.023023631 
102 471 10 11 0.023005556 
125 700 15 17 0.023002036 
160 333 10 11 0.022990422 
662 806 12 14 0.0229683 
660 885 11 13 0.02294763 
487 751 11 14 0.022945372 
590 776 11 13 0.022934483 
318 765 10 12 0.02292131 
166 186 10 13 0.022898296 
72 182 8 10 0.02289433 
502 776 10 11 0.022889907 
406 806 13 16 0.022882696 
676 782 12 15 0.022877717 
166 899 13 15 0.022873422 
23 143 10 11 0.0228721 
60 700 15 17 0.022858018 
835 837 14 15 0.022849044 
6 755 12 14 0.02282862 
85 510 9 12 0.022825712 
174 333 9 11 0.02280744 
748 955 11 15 0.022788128 
145 455 9 11 0.022761893 
189 758 13 16 0.022754068 
151 128 10 10 0.022753673 
143 240 10 12 0.022748383 
651 708 12 16 0.022746025 
132 830 13 15 0.022729047 
159 567 8 10 0.022721158 
205 806 13 17 0.022714105 
94 134 9 11 0.022708619 
160 408 8 10 0.022706676 
132 810 13 15 0.022701353 
166 294 9 10 0.022698445 
172 905 15 17 0.022694534 
200 182 8 11 0.02269119 
154 422 8 11 0.022678308 
149 311 9 11 0.022677785 
168 437 9 11 0.02266371 
181 167 9 10 0.022655478 
53 493 9 10 0.022653628 
120 898 12 14 0.022640266 
396 802 12 14 0.022640182 
174 207 9 11 0.022631025 
796 773 12 14 0.02259466 
77 166 9 11 0.022545213 
134 559 10 12 0.022542862 
123 845 14 16 0.022514958 
127 349 8 11 0.022508381 
494 798 11 14 0.022485867 
3 684 12 14 0.022464935 
182 568 9 11 0.022459934 
301 779 12 14 0.022400375 
104 525 9 12 0.022390334 
565 805 10 13 0.022358345 
77 159 9 11 0.022356655 
6 721 11 14 0.022347562 
112 135 8 10 0.022334425 
188 710 12 14 0.022319186 
325 797 12 13 0.022314215 
80 526 10 11 0.022312092 
228 828 14 16 0.022311607 
62 754 13 16 0.022305358 
64 625 20 22 0.022304272 
128 446 10 11 0.022284552 
60 302 10 12 0.022275692 
57 323 9 11 0.02227069 
787 819 13 16 0.022267919 
360 796 11 14 0.02226231 
527 780 11 13 0.022257935 
103 666 13 16 0.022251924 
109 206 10 12 0.022233382 
144 287 8 12 0.022232981 
653 771 13 15 0.0222319 
543 867 11 14 0.02222987 
165 690 13 17 0.022220323 
135 676 14 17 0.022209853 
483 895 11 14 0.022199895 
716 759 11 13 0.022199107 
30 269 9 12 0.022183742 
147 772 14 17 0.022180619 
362 848 17 19 0.022159563 
167 157 9 11 0.02215484 
115 701 14 17 0.022142129 
492 963 12 14 0.022141382 
692 892 12 15 0.022136832 
15 158 9 11 0.022105869 
109 844 13 15 0.022098951 
534 772 11 13 0.022074077 
63 635 12 16 0.022066535 
20 341 10 11 0.022059528 
52 390 12 14 0.022058336 
169 541 9 11 0.022029681 
117 573 10 14 0.022025011 
149 143 9 10 0.0220169 
517 949 12 14 0.022015018 
62 309 9 10 0.022010919 
720 723 10 13 0.02199971 
129 135 9 10 0.021983298 
663 812 11 16 0.021976447 
477 883 12 14 0.02196604 
244 837 12 14 0.021965975 
319 837 13 16 0.0219605 
847 764 10 11 0.02193222 
110 406 11 12 0.021916203 
168 151 8 10 0.021908425 
54 381 10 12 0.021893712 
95 550 10 12 0.02187649 
125 817 12 15 0.021868136 
96 175 10 12 0.021866929 
119 415 8 10 0.02186378 
109 558 10 12 0.021859016 
843 821 10 13 0.021858767 
609 764 9 12 0.02185009 
78 406 10 13 0.021847695 
263 829 11 14 0.021822793 
29 723 11 15 0.02181561 
490 956 13 16 0.02180625 
39 422 10 11 0.02180391 
46 809 12 17 0.02179179 
78 795 13 16 0.021785708 
734 892 11 14 0.021780308 
184 590 10 12 0.021779226 
476 918 14 15 0.021774415 
212 191 9 12 0.0217635 
22 294 10 13 0.021760697 
6 373 8 11 0.021757852 
779 749 12 15 0.021734616 
138 798 13 16 0.021718355 
195 819 14 17 0.021704627 
321 962 13 14 0.02170421 
69 197 10 12 0.021688078 
231 771 12 15 0.021656252 
38 405 10 11 0.02163436 
477 805 13 14 0.021598922 
61 405 10 12 0.021593904 
813 861 11 14 0.021586109 
526 765 11 14 0.021584809 
501 787 11 13 0.021582654 
111 252 11 14 0.021579321 
142 511 9 11 0.02157466 
175 379 9 11 0.021571208 
125 269 10 12 0.021567957 
229 844 12 15 0.021548033 
45 648 14 15 0.021544855 
47 136 8 10 0.021542978 
36 754 13 17 0.02152972 
367 784 13 14 0.021504235 
23 559 10 12 0.021483423 
133 579 11 13 0.021462444 
229 750 11 12 0.021459118 
40 526 10 11 0.021447858 
413 797 13 14 0.02143856 
79 534 10 12 0.02143076 
127 515 9 12 0.021423329 
149 366 9 12 0.021420512 
256 749 9 11 0.021418896 
193 359 8 10 0.021417884 
463 859 12 16 0.021410938 
291 926 15 18 0.02141007 
65 339 9 12 0.021402618 
206 636 13 16 0.021401955 
276 861 12 15 0.021398585 
102 725 12 16 0.02139656 
48 119 9 10 0.021390796 
303 766 9 12 0.021384401 
160 173 9 11 0.021382095 
453 948 15 19 0.02138173 
475 821 14 16 0.021377396 
311 751 20 22 0.02136766 
15 360 8 10 0.021363765 
166 740 10 13 0.021329176 
195 596 11 15 0.021304747 
87 295 9 11 0.021287052 
38 110 9 10 0.021283653 
203 852 11 14 0.021277897 
152 566 9 11 0.021277707 
216 842 12 16 0.021274485 
135 597 10 13 0.021234203 
150 151 8 10 0.021225138 
330 843 14 17 0.021209784 
38 243 10 12 0.021201666 
117 518 10 12 0.02118238 
164 794 15 17 0.021182286 
30 534 11 13 0.02116467 
557 861 12 15 0.021149023 
184 191 8 10 0.021123359 
557 868 11 14 0.02112097 
149 786 11 14 0.021118617 
175 567 10 12 0.02108808 
64 494 10 12 0.021087695 
478 795 11 13 0.021086358 
270 805 11 14 0.021084271 
397 955 13 16 0.021072114 
596 765 10 11 0.021062987 
31 294 11 12 0.021057473 
8 342 8 11 0.021048574 
102 494 9 11 0.021042142 
846 862 10 14 0.021041404 
818 731 14 17 0.02103562 
15 422 10 11 0.02103039 
359 821 14 17 0.020992387 
379 789 11 15 0.020990698 
425 757 10 12 0.02098019 
155 700 13 15 0.020975558 
113 173 9 11 0.020963896 
263 845 13 15 0.02095446 
789 886 10 11 0.020948105 
169 595 10 13 0.020927224 
837 792 14 16 0.02091337 
143 159 8 10 0.02091216 
119 230 10 12 0.020903725 
852 798 10 15 0.020901179 
0 519 9 11 0.020899676 
236 842 14 16 0.020892678 
144 127 9 10 0.0208784 
32 166 9 10 0.020872148 
191 191 8 10 0.020866947 
286 750 10 12 0.020865506 
103 276 10 12 0.020861167 
30 653 11 14 0.02085203 
134 405 9 11 0.020847304 
92 350 11 12 0.02083698 
630 766 9 11 0.020835757 
808 782 10 12 0.02082516 
446 782 10 13 0.02082486 
317 744 10 13 0.02082031 
775 860 13 16 0.020787615 
421 900 12 15 0.020753263 
56 158 8 10 0.020751934 
193 501 8 10 0.020751022 
144 311 8 11 0.020743992 
128 428 9 11 0.020731417 
8 496 9 10 0.020725077 
725 724 13 14 0.02071769 
39 294 10 12 0.020707885 
357 782 10 13 0.020702854 
6 358 9 12 0.02068832 
173 188 10 11 0.020659834 
439 807 12 14 0.02065708 
153 159 9 11 0.02064988 
183 518 9 11 0.020646961 
671 939 10 12 0.020634614 
39 318 9 12 0.02062973 
47 158 8 10 0.020623589 
128 390 9 11 0.020583984 
38 738 12 16 0.02057868 
540 962 12 16 0.020552913 
6 500 10 12 0.020536073 
72 446 9 12 0.020535778 
93 572 10 14 0.020530378 
134 293 8 11 0.020521337 
708 832 19 23 0.020513842 
14 238 9 11 0.020511817 
1 500 9 13 0.020506052 
150 238 9 11 0.020497773 
22 317 10 12 0.020491399 
135 310 9 12 0.02047761 
173 881 12 14 0.020470802 
799 829 13 17 0.020469904 
230 756 10 12 0.020464215 
126 221 10 12 0.020460438 
182 779 13 16 0.02045916 
78 133 9 10 0.02045599 
166 574 9 11 0.020451201 
95 470 10 11 0.020441152 
566 789 10 10 0.02042844 
150 135 10 10 0.020422086 
741 804 13 14 0.020414006 
581 956 12 15 0.020384064 
700 796 12 15 0.02035788 
47 487 11 12 0.02035421 
79 197 10 11 0.020352613 
463 852 13 16 0.020320257 
77 302 10 13 0.020319365 
1 806 11 16 0.020317832 
215 759 11 13 0.020283297 
195 851 14 16 0.020275984 
87 134 9 11 0.020275813 
160 190 9 11 0.02027526 
8 317 9 12 0.020266475 
87 350 10 13 0.020254847 
159 510 9 10 0.020245934 
542 766 10 13 0.020242989 
785 949 11 14 0.020239882 
767 907 10 13 0.02023773 
734 850 14 18 0.020229863 
613 939 14 16 0.02021003 
509 942 12 15 0.020198287 
184 765 11 14 0.020189034 
59 690 15 16 0.020179193 
46 358 10 11 0.020172326 
47 503 8 10 0.020169238 
122 739 13 16 0.020164587 
150 453 9 10 0.020157922 
24 181 8 11 0.02015298 
511 788 10 14 0.020128243 
87 820 13 16 0.02009106 
424 751 9 11 0.020058943 
686 783 12 14 0.020046799 
92 824 14 17 0.020042932 
843 730 15 18 0.020033885 
725 892 12 14 0.02003325 
677 887 13 15 0.020027027 
610 759 8 10 0.020021971 
273 745 10 12 0.02001809 
77 597 10 13 0.02001015 
23 190 8 11 0.020007653 
61 532 10 12 0.020007411 
142 534 9 11 0.02000451 
161 271 9 11 0.020002142 
