ea0a66127bb103ec671dc7400797c393_image2
69
108 224 169 214 0.998451 
1077 464 12 14 0.057315663 
1157 448 8 9 0.053786177 
508 123 14 17 0.05035539 
1044 439 8 11 0.046377424 
1072 438 8 10 0.04592551 
1073 468 11 13 0.04434456 
1062 479 9 10 0.042975567 
1125 464 8 9 0.041657366 
1044 445 9 11 0.04106544 
1058 437 8 11 0.04073894 
1062 453 9 12 0.04045234 
1127 431 8 9 0.040191617 
1143 381 7 9 0.039750736 
1025 427 10 13 0.038561538 
1056 473 8 10 0.03801684 
1158 455 7 9 0.036532227 
1129 448 7 9 0.036449596 
1155 453 7 9 0.035978425 
1056 480 9 10 0.03564071 
1161 462 8 9 0.034195095 
1137 440 7 8 0.03409909 
1111 432 8 9 0.03335381 
1113 446 9 10 0.033157647 
1089 446 8 10 0.03313434 
1062 472 9 11 0.033089887 
1070 454 9 11 0.033019226 
1047 504 9 12 0.032632586 
1137 455 8 9 0.032617386 
1094 445 8 9 0.031741448 
1069 416 8 10 0.03171109 
1048 455 9 10 0.031153645 
1141 463 9 10 0.030392045 
1153 424 8 9 0.030160904 
1144 417 7 9 0.02958999 
1040 423 9 11 0.029458469 
1094 455 10 12 0.028768314 
1127 423 8 10 0.028440354 
1041 479 8 10 0.027833598 
1065 394 12 15 0.027081914 
1159 439 7 9 0.026544167 
1031 438 7 9 0.026179183 
1106 430 8 10 0.02558696 
1153 441 7 8 0.025571601 
1061 431 9 11 0.025462583 
1072 432 9 10 0.023957329 
1062 447 9 11 0.023449725 
1127 391 8 10 0.023277516 
1082 500 8 11 0.02324666 
1096 463 8 9 0.023086457 
1136 424 8 9 0.023068398 
1142 439 8 9 0.022781385 
634 60 12 16 0.022774534 
1168 399 7 10 0.022168376 
1153 463 7 9 0.022110734 
1094 397 8 9 0.022051567 
1056 455 9 12 0.022033822 
1047 479 8 10 0.022021506 
1138 383 7 9 0.022016006 
1169 447 7 9 0.021351041 
1113 438 8 10 0.02113172 
171 64 47 62 0.020895852 
1137 431 8 10 0.020802556 
1118 440 7 8 0.020513816 
1088 440 9 10 0.020506011 
1026 447 7 10 0.020501556 
1041 429 9 11 0.02026442 
1064 384 8 10 0.020110521 
1120 416 8 9 0.02005054 
