ea292773bbdc5522a00aa93e5784e73c_image2
161
260 518 201 258 0.99974424 
876 292 12 16 0.11859747 
1345 696 8 9 0.080271006 
1287 687 8 10 0.07633719 
1281 719 8 9 0.07598201 
1334 712 8 10 0.07513646 
1245 734 8 9 0.072369106 
1231 775 7 9 0.066981494 
1265 750 7 9 0.06432611 
1238 743 8 10 0.061890353 
1273 696 7 8 0.0586498 
1327 695 8 10 0.058538985 
1224 753 8 9 0.05607321 
1310 728 8 9 0.054841314 
1234 727 8 9 0.054575752 
1217 799 7 9 0.05436867 
1258 727 8 10 0.053199228 
1257 743 9 11 0.05277899 
1319 720 8 9 0.050642096 
1250 696 7 9 0.04933808 
1240 685 8 9 0.0490693 
1289 694 7 9 0.048898455 
1335 647 8 10 0.04609666 
1329 710 8 10 0.044987213 
1216 711 6 8 0.044729847 
1257 749 8 10 0.044258635 
1345 701 8 10 0.044174522 
1352 703 7 9 0.043827496 
1225 816 8 10 0.043355636 
1312 695 7 9 0.042957883 
1345 688 8 9 0.041856226 
1232 711 8 9 0.040677115 
1239 728 9 10 0.040087465 
1229 816 8 10 0.03988374 
1304 713 8 8 0.03968079 
1311 710 8 9 0.03873582 
1262 733 8 10 0.038666885 
1303 720 8 8 0.0382097 
1408 757 11 12 0.038157977 
1208 680 8 9 0.036478512 
1325 735 8 10 0.03626348 
1200 726 8 9 0.036145773 
1239 759 9 10 0.036051482 
1271 735 8 10 0.03603621 
1245 728 8 9 0.03588581 
1176 728 8 10 0.035583913 
1217 775 8 10 0.035435576 
1194 768 7 9 0.035433915 
1282 686 7 11 0.035348188 
1296 743 8 10 0.035222378 
1184 745 8 10 0.034929052 
1354 710 7 9 0.034505308 
1248 720 7 8 0.033838004 
1223 775 8 11 0.033787165 
1257 733 8 10 0.033536594 
1246 759 8 9 0.03350928 
795 355 15 15 0.033021424 
1294 703 7 9 0.03244434 
1350 696 7 9 0.032336842 
1247 752 8 10 0.031765215 
1216 727 7 9 0.03176281 
1239 886 8 9 0.031441532 
1327 742 8 9 0.031429935 
1377 696 8 10 0.030966353 
1238 750 8 9 0.030703958 
1239 733 9 10 0.030306632 
1290 701 8 10 0.030239193 
1278 713 8 8 0.029914798 
1305 694 8 9 0.029838467 
1215 741 8 10 0.029752893 
1191 735 7 9 0.029731719 
1257 712 8 9 0.029507792 
1233 704 8 8 0.029358 
1236 806 10 12 0.028726045 
1253 696 8 9 0.02867937 
1224 719 7 8 0.028650694 
1201 839 8 10 0.028626272 
1237 711 7 8 0.028593 
1207 799 8 9 0.028527077 
1221 734 9 11 0.028524185 
1313 720 7 9 0.028370049 
1303 901 9 11 0.027839178 
1327 639 8 10 0.027788304 
1273 712 8 9 0.027479537 
1208 727 8 11 0.02725751 
1335 727 7 8 0.026537921 
1286 719 8 9 0.026487743 
300 248 17 19 0.026358351 
1215 703 7 8 0.026247816 
1330 646 8 10 0.026197463 
1342 749 9 11 0.026160622 
1313 703 8 9 0.026145866 
1213 664 8 9 0.02581773 
872 287 13 17 0.025632713 
1217 719 8 10 0.025599048 
1201 807 8 10 0.02550129 
1306 727 8 9 0.025422234 
1294 695 7 9 0.02511542 
1310 688 9 9 0.024930371 
1183 727 7 10 0.024723144 
1225 671 8 9 0.024690615 
1255 719 8 9 0.024557423 
1241 776 8 9 0.024474142 
1280 725 9 10 0.024413837 
1272 718 8 9 0.024333088 
1351 680 7 9 0.024197858 
1217 805 8 11 0.024100639 
1231 840 10 12 0.023962146 
1327 728 7 8 0.023831481 
1198 815 8 10 0.023827896 
1378 701 8 10 0.02377661 
1206 807 8 10 0.023659328 
1328 704 8 9 0.023607327 
1231 766 7 9 0.02360479 
604 1038 14 14 0.023298543 
1231 718 8 9 0.02325057 
871 288 22 26 0.02316622 
1319 696 8 10 0.023144202 
1190 791 8 9 0.022846391 
1198 710 8 9 0.022833576 
1262 712 8 8 0.022492753 
1248 712 8 8 0.022278922 
1344 679 8 10 0.022232085 
1233 797 9 11 0.022215445 
1279 745 9 10 0.022117367 
1382 712 7 9 0.021957662 
1279 704 8 9 0.021929428 
1320 639 9 10 0.0219261 
1336 687 7 9 0.021921327 
1232 750 7 10 0.021916475 
1374 736 9 11 0.021882836 
1255 846 9 10 0.021828763 
1375 720 8 9 0.02182142 
1215 734 9 11 0.021690628 
1207 701 7 9 0.021612592 
1168 728 8 10 0.021564828 
1317 680 8 9 0.021495802 
1247 742 8 10 0.021480743 
1228 819 10 13 0.021478433 
1209 664 8 9 0.021453751 
1270 751 8 10 0.021448135 
1320 726 7 9 0.021437202 
1384 728 7 8 0.02137593 
1192 728 7 9 0.02113101 
1225 712 7 9 0.021054717 
1319 910 12 15 0.020959055 
1224 688 8 9 0.020663919 
1407 679 9 10 0.020554008 
1241 823 8 10 0.020516615 
1295 681 8 10 0.020469988 
1223 831 9 9 0.020304602 
1206 696 8 9 0.020269902 
1359 647 9 11 0.020226106 
1342 649 9 10 0.020148572 
1313 678 9 11 0.020146038 
1330 671 7 9 0.020134717 
293 226 15 16 0.020121885 
1335 716 8 10 0.020104524 
1343 719 7 8 0.020075625 
1193 798 7 9 0.020039812 
1280 750 9 10 0.020019954 
