ea5684fe08c2c1b591106b3e501c6537_image2
20
331 368 154 201 0.99659556 
0 288 47 79 0.38669804 
1 102 20 33 0.11620563 
3 843 21 27 0.0754212 
828 727 16 19 0.06430036 
0 99 14 21 0.04995968 
344 124 16 20 0.039619863 
60 131 18 18 0.039410826 
66 116 12 15 0.039365582 
0 748 12 21 0.038246725 
35 868 23 29 0.036711615 
34 879 29 35 0.03317607 
28 827 15 20 0.031456877 
97 826 16 18 0.028517706 
51 842 16 21 0.023746463 
83 879 17 22 0.023059098 
2 93 14 19 0.02263411 
45 153 27 31 0.022633113 
59 840 15 22 0.021373471 
88 852 22 29 0.020609565 
