eb1a37c045fa64dfc6eb8f72c2648dbd_image2
147
204 372 152 206 0.99417144 
633 192 16 19 0.20598777 
752 192 17 20 0.13253127 
1233 687 8 10 0.118377365 
1226 710 7 10 0.1028832 
846 126 12 15 0.10154847 
773 131 12 15 0.082827315 
1202 685 7 10 0.081266664 
829 126 11 14 0.07678071 
1232 668 8 10 0.073661186 
708 129 13 16 0.06605731 
1310 624 7 9 0.062069245 
1286 606 8 9 0.057185996 
1237 695 8 9 0.0554246 
1225 704 8 11 0.054874368 
1199 645 9 10 0.0542864 
484 659 439 477 0.052738674 
1234 693 8 10 0.0514073 
1215 631 7 9 0.051022444 
1263 607 9 11 0.05024565 
760 119 11 14 0.05021425 
1216 654 8 9 0.04917992 
1271 624 8 9 0.04885202 
1301 655 8 9 0.04878674 
1225 718 8 10 0.047548827 
1216 647 8 10 0.047432464 
1264 613 8 9 0.04627258 
1215 703 9 10 0.04284356 
1329 647 9 10 0.042288244 
1229 704 9 11 0.04210941 
1216 694 8 9 0.04196153 
1232 632 8 9 0.041885436 
1314 598 8 10 0.041543875 
581 871 14 16 0.039713744 
1213 686 9 12 0.039493505 
1297 616 7 9 0.039452165 
700 775 24 27 0.038471803 
1200 768 8 10 0.038235065 
1307 622 7 9 0.038111832 
1355 662 8 10 0.037777632 
1328 630 8 9 0.03593692 
1265 670 8 10 0.03569972 
1225 637 7 10 0.03455942 
1201 773 8 10 0.034446172 
1319 720 8 9 0.03402608 
1232 646 9 10 0.033691056 
1264 663 7 9 0.031669345 
671 124 12 15 0.031597655 
1224 631 8 10 0.031399656 
1200 712 8 10 0.030626653 
688 130 11 14 0.03053018 
1303 693 10 12 0.029918008 
283 106 25 34 0.029756708 
1288 631 8 9 0.029616462 
1279 547 9 12 0.029315222 
1200 680 8 11 0.029024204 
1159 534 7 8 0.028857065 
1318 639 9 10 0.028768234 
1240 679 8 10 0.02873734 
1238 688 8 10 0.02859146 
1255 680 9 10 0.028532587 
1222 696 7 10 0.028331278 
1296 640 9 10 0.028086586 
1328 705 8 9 0.027959688 
1201 728 6 8 0.027664825 
1248 544 8 9 0.027492274 
1249 646 9 10 0.027394751 
1303 615 8 9 0.027355636 
1262 655 8 10 0.027277792 
1207 716 7 10 0.027138835 
1215 624 8 10 0.02703585 
1337 663 9 10 0.026963552 
1217 662 8 11 0.026848406 
579 190 15 19 0.02662155 
1255 606 9 10 0.02656853 
1254 709 10 11 0.02655917 
1336 670 8 10 0.026393862 
1264 719 9 11 0.026292179 
1249 639 8 10 0.026247572 
1281 654 9 11 0.026228294 
1201 760 8 8 0.025988117 
1334 592 8 9 0.025820928 
1301 641 8 9 0.025815267 
1262 703 10 10 0.025799323 
1224 726 7 10 0.025798649 
1221 536 7 9 0.025664506 
1249 703 8 10 0.025490768 
1215 769 10 13 0.025441326 
1289 671 9 10 0.024997776 
1209 743 8 9 0.024696404 
1241 605 7 9 0.024694107 
1310 646 9 10 0.024674488 
811 125 12 16 0.024546985 
1261 638 9 10 0.02443252 
1278 611 10 12 0.024342338 
1302 526 8 10 0.024276538 
1207 654 7 9 0.02407176 
1239 550 9 10 0.023995982 
1198 631 9 10 0.023981828 
1222 647 8 10 0.023857357 
1221 653 8 10 0.02385623 
1295 663 8 9 0.023760809 
1302 606 8 10 0.02373915 
839 191 15 19 0.023584707 
1247 694 9 10 0.023486294 
1231 653 9 10 0.023348715 
1280 694 9 11 0.023253245 
1233 549 9 11 0.023008788 
1317 599 8 10 0.023006849 
871 124 12 16 0.022960708 
1231 638 9 10 0.022908384 
1185 616 6 8 0.022904007 
1238 544 8 10 0.022750398 
1248 623 8 10 0.022695366 
1219 669 8 10 0.022571146 
1199 609 8 9 0.022564977 
1329 711 8 9 0.022547694 
1190 696 9 11 0.022499382 
1247 599 8 9 0.022487126 
1354 656 9 10 0.02224437 
1278 631 9 10 0.022240514 
1280 719 8 10 0.022169266 
1223 670 7 10 0.022129443 
1231 575 8 10 0.021919053 
1320 727 7 9 0.021820957 
1305 701 9 11 0.021648718 
1230 784 8 10 0.021370454 
1322 581 8 10 0.021231696 
1342 671 8 10 0.021124005 
1230 599 8 9 0.02106939 
1254 704 9 10 0.021050716 
1265 526 9 11 0.020942299 
1201 552 7 10 0.020838924 
1222 614 9 10 0.020769382 
1184 695 8 10 0.020678727 
1297 606 8 9 0.02067613 
1217 727 8 10 0.020632928 
1273 646 8 9 0.020494431 
1232 680 8 11 0.020473622 
1209 631 7 8 0.020378536 
1248 615 8 9 0.020377422 
1286 686 8 10 0.020362973 
1311 629 8 8 0.020324744 
1191 734 8 9 0.020321447 
1281 687 8 9 0.02024236 
1237 647 8 9 0.020117149 
1192 711 9 11 0.020042548 
