eb4f57fb1592040d8033d5f1b89ea425_image2
41
238 303 125 154 0.9993899 
45 410 465 507 0.123284504 
6 305 13 18 0.059688307 
739 159 14 17 0.052118614 
6 82 12 16 0.046746075 
28 146 15 19 0.04522659 
30 250 14 17 0.044911433 
265 154 51 64 0.04253703 
38 404 14 17 0.041249223 
27 367 16 19 0.041200537 
22 156 14 16 0.038949594 
266 9 51 66 0.036814827 
30 194 13 16 0.035273425 
61 211 15 21 0.03317008 
67 392 17 21 0.0327354 
15 19 11 16 0.032624323 
28 90 15 17 0.032253098 
11 177 14 18 0.03118394 
29 52 10 14 0.030975988 
3 242 14 18 0.030810885 
22 336 11 14 0.029367827 
51 212 14 20 0.028319348 
31 468 14 16 0.027416272 
52 277 13 18 0.027385218 
35 187 14 18 0.026817234 
21 209 16 18 0.026739223 
20 56 15 16 0.026674906 
4 70 10 12 0.026667342 
53 146 13 17 0.025151994 
1 76 11 17 0.02476653 
27 315 15 17 0.023465652 
5 18 14 18 0.02285244 
6 402 15 18 0.022666167 
60 146 14 18 0.022637544 
62 187 15 18 0.021994445 
34 244 15 19 0.021624506 
38 181 13 16 0.021380438 
45 122 13 18 0.021187324 
4 366 11 14 0.020386502 
47 282 14 18 0.020341454 
23 116 11 15 0.020064607 
