ec1ae40d22dd0b25fc4e4eab66d32abd_image2
34
137 284 101 138 0.99983084 
148 120 40 46 0.065831915 
720 391 7 9 0.047008976 
712 415 8 9 0.040359464 
712 407 7 8 0.037715077 
727 407 7 9 0.034736913 
727 391 7 9 0.033874437 
737 417 7 8 0.0326997 
719 415 7 8 0.030585995 
730 430 7 9 0.029906446 
737 393 7 8 0.029771661 
703 416 7 9 0.029225077 
728 415 7 9 0.027854402 
736 398 8 9 0.027508598 
742 415 7 9 0.025725363 
776 399 8 10 0.02512203 
743 398 7 9 0.024808811 
761 414 7 9 0.024538893 
745 477 9 10 0.024389163 
744 392 7 10 0.024269044 
696 415 8 9 0.024069076 
746 437 9 11 0.023701454 
713 400 7 8 0.023590297 
712 432 8 9 0.023436412 
728 399 7 9 0.023290832 
719 398 7 9 0.022876076 
733 430 8 10 0.022235828 
838 177 178 251 0.02198416 
712 391 8 10 0.021449015 
720 407 6 9 0.02108982 
822 397 9 12 0.02108432 
718 440 8 9 0.020983579 
720 424 8 9 0.020852841 
728 463 7 10 0.020728689 
