ec5cd424f7aa73da3efe935576d91f4f_image2
25
164 251 156 209 0.9142126 
629 137 21 28 0.34584934 
547 403 17 22 0.17112356 
739 268 17 23 0.0953725 
480 404 17 22 0.081399895 
507 406 18 23 0.07501198 
656 136 19 27 0.068860255 
584 403 16 21 0.06369299 
754 395 16 22 0.06122517 
482 469 15 20 0.05714347 
644 60 19 21 0.054966412 
597 140 17 22 0.053104866 
569 342 15 20 0.049104713 
720 332 16 20 0.047513347 
472 275 16 20 0.042629465 
699 270 15 20 0.039055817 
736 714 25 31 0.03491153 
688 331 18 21 0.034840103 
571 713 15 16 0.029426657 
504 345 14 19 0.024675768 
503 276 17 21 0.024544777 
612 718 18 21 0.023985924 
557 141 16 22 0.02375769 
719 397 16 19 0.022135735 
577 272 15 20 0.022127256 
