ec668668002f5dcabb5c901c2950bdf9_image2
117
247 295 186 259 0.9996164 
1193 639 15 18 0.09390651 
1167 575 9 11 0.09172691 
1195 522 13 16 0.08911519 
1176 607 10 11 0.076480925 
1182 404 12 16 0.07404625 
1196 409 13 16 0.0693138 
1164 651 15 18 0.06388156 
1231 446 8 10 0.063491635 
1142 748 13 15 0.062916666 
1192 598 9 11 0.062219683 
1179 548 13 15 0.0611929 
1166 442 12 14 0.059676558 
1238 446 9 10 0.059351422 
1175 623 9 10 0.053142622 
1177 540 10 13 0.04967725 
1248 397 8 10 0.048063654 
1239 462 10 12 0.04741932 
1177 614 9 10 0.04731817 
1238 438 10 11 0.04583308 
1192 623 10 11 0.044925116 
1160 555 8 11 0.04475569 
1184 490 11 15 0.04380693 
1211 533 9 12 0.04269267 
1183 590 9 11 0.040940795 
1199 548 10 12 0.0408096 
1247 464 8 11 0.040512815 
1190 493 9 12 0.04005481 
1200 588 10 12 0.03904653 
1179 535 10 12 0.03767196 
1079 749 16 21 0.037469897 
1166 569 9 10 0.036539935 
1209 629 10 13 0.0352078 
1215 456 8 11 0.034577895 
1146 645 10 12 0.034086075 
1183 598 9 11 0.034070797 
1198 443 10 13 0.033372566 
1166 622 9 10 0.0332497 
1193 572 11 13 0.03277128 
830 748 15 19 0.03243943 
1194 540 9 12 0.032310575 
1240 429 10 12 0.03205484 
1158 444 13 14 0.03182176 
1167 394 10 13 0.031809714 
1190 423 10 11 0.031436045 
1248 429 9 11 0.031287808 
1200 455 11 13 0.030568557 
1148 565 10 11 0.030463241 
1160 574 8 11 0.030223781 
1231 464 8 10 0.029861845 
1161 568 8 10 0.029421916 
1239 454 10 11 0.028746061 
1181 749 14 17 0.028378153 
1174 579 11 14 0.028146544 
933 114 15 18 0.027868552 
1176 556 12 13 0.027433898 
1175 645 11 14 0.027041188 
1191 591 9 11 0.02701628 
1207 509 11 12 0.026699938 
1189 487 10 13 0.026637562 
1199 460 10 12 0.026283987 
1148 468 10 14 0.02618003 
1213 538 11 13 0.025995782 
1181 582 10 12 0.025933916 
1230 494 9 11 0.025682785 
1190 390 8 10 0.025587883 
618 751 15 21 0.02558252 
1184 423 9 11 0.025480922 
1248 436 8 11 0.025382267 
1226 445 9 12 0.025125738 
1206 525 10 13 0.025122585 
723 63 12 15 0.024994452 
1214 436 9 13 0.024922935 
1162 589 8 11 0.024586065 
955 66 14 18 0.024511114 
1289 485 10 10 0.02448454 
1199 435 12 16 0.024408847 
1164 616 9 10 0.024343614 
1186 429 9 11 0.024115048 
1197 418 11 12 0.023845831 
683 115 14 16 0.023820302 
1197 615 9 10 0.023628594 
1189 405 12 15 0.023611184 
1196 568 12 14 0.02341746 
1225 439 8 10 0.023238147 
1137 393 7 9 0.02317234 
1167 535 8 11 0.02315888 
1171 574 12 14 0.023081683 
1223 623 9 10 0.02299693 
1181 643 11 15 0.022868663 
1146 653 12 13 0.022685459 
1182 455 11 14 0.022546718 
1195 597 12 12 0.022291372 
1216 472 8 10 0.022204356 
1133 567 9 10 0.022175653 
1161 461 10 13 0.021936392 
1161 646 11 15 0.021843873 
1209 623 9 11 0.02174737 
1193 532 11 13 0.021714816 
1213 497 10 12 0.02150684 
274 47 42 56 0.021462664 
1279 471 8 10 0.021432351 
1190 431 10 11 0.021404477 
980 130 483 477 0.021323478 
1239 479 9 11 0.021210032 
0 275 24 39 0.021080244 
1149 558 11 13 0.021000788 
1206 431 10 13 0.020966979 
1254 464 8 10 0.02085668 
1179 630 11 13 0.020685546 
1215 550 10 11 0.020520283 
1213 573 9 11 0.020444859 
1126 551 8 10 0.020279564 
1168 579 9 13 0.020187091 
1224 628 10 12 0.020174414 
1161 622 9 11 0.020016115 
1121 444 14 16 0.020001892 
