ec7f75213f2ffa0d76f2df14177f5572_image2
263
137 307 129 158 0.99978274 
990 462 8 10 0.15832974 
989 453 9 11 0.1519503 
958 447 7 9 0.12553626 
934 512 8 9 0.123011164 
1014 463 7 9 0.11886942 
1038 495 9 12 0.117113665 
1002 471 7 9 0.113259494 
989 541 10 12 0.10684967 
1008 486 8 9 0.089645505 
942 535 7 9 0.08445533 
945 503 7 9 0.08300272 
1034 500 9 11 0.07821239 
992 503 7 10 0.07741959 
950 478 8 11 0.07582947 
1008 479 8 10 0.07555796 
950 502 7 10 0.07349579 
983 503 8 10 0.07090615 
974 478 9 10 0.07050598 
974 579 10 12 0.07023977 
993 521 8 9 0.068491995 
945 496 6 9 0.06582875 
929 512 8 10 0.0634161 
943 510 7 9 0.062458724 
959 496 8 10 0.059786167 
976 472 8 10 0.059699494 
953 526 8 10 0.059680942 
952 496 8 10 0.058909703 
959 520 7 9 0.058088902 
930 517 7 10 0.058086377 
936 496 7 9 0.05734915 
999 575 8 10 0.056246094 
1016 496 8 10 0.05588812 
893 494 9 10 0.05546281 
936 535 8 9 0.0552713 
953 446 8 10 0.053679727 
998 504 8 9 0.052666612 
1007 454 10 11 0.052320555 
1039 488 8 10 0.0522943 
992 560 9 10 0.052147232 
952 520 8 10 0.052034847 
985 463 8 10 0.051953174 
1000 478 9 11 0.049351975 
1021 439 9 10 0.049343247 
1056 496 8 9 0.04917596 
974 454 8 10 0.048972245 
969 518 8 10 0.048757333 
949 471 9 11 0.048060305 
1023 487 7 9 0.047915332 
1041 470 6 8 0.04784564 
928 480 7 10 0.047545455 
1000 486 8 10 0.04659161 
998 510 10 12 0.04638099 
968 447 7 10 0.045926455 
1007 447 9 11 0.045583025 
969 592 8 10 0.045113165 
1009 463 9 10 0.04500031 
1025 471 8 9 0.044916466 
961 503 8 9 0.0441288 
1007 503 9 10 0.044111367 
984 487 8 10 0.04391217 
967 486 8 10 0.043902934 
974 517 9 10 0.043865375 
921 502 7 10 0.043582063 
965 502 8 10 0.043351274 
1021 494 9 11 0.04263698 
629 137 10 13 0.04243546 
994 575 8 10 0.042342532 
1041 465 7 10 0.042083003 
928 496 7 9 0.041647706 
1064 479 7 8 0.041571606 
893 486 9 11 0.04132156 
985 447 10 12 0.041310854 
968 480 8 9 0.041124415 
896 512 7 9 0.04052279 
954 583 7 9 0.040430672 
968 511 8 11 0.04015227 
934 518 8 10 0.039899483 
927 542 8 10 0.039629474 
969 439 7 9 0.03898868 
974 448 8 10 0.0387842 
1008 559 7 9 0.038575653 
960 543 7 10 0.03848219 
976 599 9 10 0.03813015 
957 527 8 9 0.037946578 
1032 480 7 9 0.03773891 
936 527 8 9 0.037713002 
1031 464 7 9 0.037463605 
603 185 13 18 0.037280515 
961 510 8 10 0.037264924 
998 560 8 10 0.036994938 
936 486 7 10 0.036687694 
951 485 9 11 0.03667113 
1023 445 8 11 0.03639654 
998 519 8 9 0.036222205 
973 535 9 11 0.03601185 
950 464 8 9 0.036008243 
1015 487 8 9 0.035723023 
993 566 9 10 0.035575025 
888 503 9 10 0.03533959 
921 496 6 9 0.0353184 
1031 552 7 9 0.035289884 
960 480 7 9 0.03517674 
1007 551 8 10 0.03505078 
1056 438 8 10 0.034915224 
959 452 8 10 0.034871653 
1024 463 7 9 0.034580424 
1006 470 9 10 0.034528024 
1015 456 8 10 0.03426325 
1006 511 9 12 0.03424575 
968 526 8 9 0.034175232 
973 541 8 11 0.033933993 
982 599 8 9 0.033857983 
998 526 8 10 0.03374894 
1031 521 7 9 0.033620324 
198 119 41 52 0.033373475 
903 520 8 10 0.033343505 
935 553 8 9 0.03300673 
928 456 9 10 0.03279259 
1023 512 7 9 0.03272817 
998 567 8 10 0.032654714 
604 640 17 21 0.032486156 
985 536 9 11 0.03236728 
969 535 8 10 0.032367043 
913 511 8 10 0.032355662 
990 480 9 10 0.032348365 
984 550 9 11 0.03227876 
1032 455 7 9 0.032231033 
994 509 9 11 0.032174718 
1008 518 9 10 0.032132834 
1014 479 8 10 0.03179773 
1063 448 7 9 0.0317724 
984 495 8 11 0.031015616 
904 503 8 10 0.030954845 
936 503 7 9 0.030838428 
968 542 8 10 0.030721275 
1022 566 9 10 0.03065781 
1009 527 8 9 0.03063161 
927 536 8 10 0.030587852 
992 496 8 10 0.030539468 
913 447 8 10 0.030505707 
935 479 7 10 0.03050089 
960 487 8 10 0.030468145 
1030 469 8 10 0.030444225 
957 582 8 10 0.0303204 
944 487 7 9 0.03022548 
631 639 22 27 0.030182544 
959 462 8 10 0.029989121 
966 495 8 10 0.029967584 
946 478 8 10 0.029966388 
982 510 8 11 0.029760823 
1014 470 8 9 0.029655797 
912 503 7 9 0.02959998 
974 560 8 10 0.029510694 
958 535 7 9 0.029396018 
1056 464 6 8 0.029391088 
953 605 9 10 0.029334448 
928 485 7 10 0.029281866 
998 495 8 10 0.029230975 
944 447 7 10 0.029123029 
911 496 7 9 0.029068658 
942 527 8 10 0.028736617 
929 448 8 9 0.028650694 
936 559 8 9 0.028642038 
992 608 10 11 0.028548986 
1001 465 7 9 0.028542062 
985 439 8 9 0.028536543 
1014 500 9 11 0.028525 
984 479 8 10 0.028515618 
953 543 7 9 0.028373037 
1056 448 9 10 0.028205503 
927 462 9 10 0.02803391 
944 567 7 9 0.028001634 
1048 479 7 9 0.027975127 
1032 486 7 9 0.027922051 
917 447 8 9 0.02787255 
936 584 8 9 0.027779806 
946 454 8 10 0.02766312 
976 566 8 10 0.027624063 
961 551 8 9 0.027532378 
1063 486 7 9 0.027338693 
944 542 7 8 0.027282715 
990 548 10 11 0.027235199 
1025 559 8 9 0.027055334 
1014 512 8 10 0.026585696 
1001 447 9 11 0.026439385 
953 534 8 10 0.026401112 
1040 446 8 10 0.026266733 
1047 471 7 8 0.02622964 
1047 520 7 9 0.026060188 
991 582 9 9 0.025995748 
935 446 8 10 0.025961492 
945 464 8 9 0.025904592 
1023 478 8 10 0.025875825 
921 534 9 11 0.025757853 
1024 552 9 10 0.025736919 
944 439 7 10 0.025653467 
1003 453 7 11 0.025575133 
1029 558 9 9 0.025403937 
1033 510 8 10 0.025342533 
1000 440 8 9 0.025334442 
942 518 8 10 0.025332766 
978 502 8 9 0.02514895 
991 468 8 10 0.025121003 
1047 464 7 9 0.025110431 
1073 519 7 8 0.02491997 
898 456 7 9 0.024804527 
990 487 8 10 0.024615435 
969 576 9 10 0.024610577 
959 471 8 10 0.024528095 
968 559 8 10 0.02429013 
905 496 7 9 0.024261933 
977 462 8 10 0.024096249 
1007 543 8 10 0.023955937 
983 559 9 10 0.023947971 
974 589 9 10 0.023817841 
976 495 8 10 0.023747163 
982 470 8 11 0.023737803 
921 471 7 8 0.023730455 
918 519 8 9 0.023504648 
968 453 8 11 0.02338806 
968 472 8 10 0.023376118 
1001 591 8 9 0.023360962 
1055 502 7 10 0.023288442 
1040 440 7 9 0.023244383 
1040 544 7 10 0.02320503 
872 492 9 12 0.022789605 
974 485 8 11 0.022671392 
1009 495 8 11 0.02265968 
1032 447 7 10 0.022601206 
926 502 8 9 0.022596756 
1072 511 8 9 0.022492522 
1016 446 8 10 0.022320926 
983 591 8 9 0.022279505 
1055 558 8 9 0.02224826 
1056 567 8 10 0.022094488 
543 639 13 15 0.021924527 
921 463 7 9 0.02171717 
920 551 7 9 0.021557193 
1006 567 8 9 0.021554831 
1089 559 8 10 0.021432832 
927 470 8 9 0.021421501 
918 440 7 8 0.021395553 
895 501 8 10 0.021350099 
1001 581 8 10 0.021165084 
911 463 8 9 0.021114614 
1008 535 7 9 0.021076528 
511 187 14 15 0.021048967 
982 582 8 10 0.020909144 
1073 551 8 10 0.02089551 
921 559 8 10 0.02084867 
937 607 7 9 0.020808542 
919 480 8 10 0.020746714 
935 542 7 10 0.020737844 
974 439 8 10 0.020664625 
887 519 9 10 0.020551616 
920 575 8 9 0.020474525 
935 471 7 9 0.020424386 
912 518 8 11 0.020358423 
930 440 6 8 0.020238668 
1089 635 11 14 0.020158961 
1023 500 8 11 0.020099232 
1023 543 8 9 0.020080062 
