ec8bd613208e3dcc36b9222a9622b472_image2
121
425 255 194 270 0.9940316 
943 950 13 15 0.2929836 
71 893 11 13 0.27183518 
109 910 14 16 0.17888069 
901 951 11 13 0.13140066 
958 989 11 13 0.13021266 
922 957 12 14 0.12289449 
86 919 14 16 0.11425961 
934 979 11 13 0.09673824 
636 973 10 11 0.08203812 
921 982 9 12 0.08041323 
937 955 10 12 0.080330536 
927 982 10 12 0.07663652 
919 962 13 15 0.07442775 
1051 952 9 12 0.073848076 
1028 950 13 15 0.059480797 
844 253 14 18 0.054444578 
954 988 10 13 0.04847667 
909 983 9 12 0.047207464 
950 981 10 12 0.047196314 
39 824 8 10 0.046060156 
368 171 346 432 0.045149907 
870 257 16 18 0.04500875 
924 952 11 12 0.04466718 
977 984 9 10 0.043748554 
677 1153 13 16 0.043314915 
960 953 9 10 0.042655617 
60 885 10 13 0.04247652 
70 679 10 12 0.03997496 
1082 1104 8 11 0.039190207 
926 999 10 13 0.038531397 
25 830 9 10 0.038444575 
37 764 11 13 0.038395707 
913 957 9 11 0.03831593 
942 989 8 11 0.038143694 
1 901 10 13 0.03797033 
78 874 13 15 0.036865782 
3 909 13 15 0.03663026 
62 869 11 13 0.035837132 
983 975 9 11 0.035752434 
79 845 11 13 0.035641383 
905 988 10 12 0.03529246 
908 950 11 13 0.034932274 
973 956 10 13 0.03488697 
54 823 9 11 0.033965003 
988 321 12 15 0.033905413 
942 981 10 12 0.03374237 
2 925 14 20 0.033398055 
11 990 10 11 0.03300941 
892 989 10 13 0.032494858 
61 877 10 12 0.032320432 
165 678 13 14 0.032238 
16 814 8 9 0.031407304 
63 863 9 12 0.031340003 
97 840 9 12 0.030493058 
31 839 8 9 0.030291025 
95 780 12 14 0.030230476 
216 1050 11 14 0.030098863 
60 767 9 10 0.029888503 
912 973 9 11 0.029822892 
949 975 9 12 0.029169932 
69 780 10 13 0.028905552 
25 823 8 10 0.028459689 
220 1046 10 12 0.02838633 
94 893 11 13 0.028176691 
968 1034 17 20 0.027971618 
125 680 9 11 0.02782579 
29 853 11 13 0.027618738 
919 952 12 13 0.0269758 
241 1054 8 10 0.026376871 
113 789 9 12 0.026289688 
1041 966 8 11 0.026250584 
991 952 8 11 0.026081583 
77 942 13 14 0.026034132 
104 764 10 13 0.025977753 
935 988 10 12 0.025816288 
100 846 10 11 0.025685996 
881 1004 14 17 0.025681006 
222 1070 10 13 0.025494197 
25 837 8 10 0.025255065 
981 981 9 11 0.025153615 
918 970 10 14 0.02513337 
942 974 10 13 0.025123633 
86 749 12 14 0.025050268 
914 966 10 13 0.024775384 
1035 956 11 14 0.024602456 
927 989 10 12 0.024582103 
1065 959 7 9 0.02432462 
85 839 11 14 0.024210507 
86 822 9 11 0.02418451 
887 958 9 10 0.024136331 
78 852 11 12 0.023635754 
89 534 8 10 0.023567123 
87 854 10 11 0.023445137 
83 868 12 15 0.02339081 
7 854 9 12 0.023363028 
967 952 10 13 0.023182452 
975 965 9 11 0.022533858 
13 845 10 13 0.022337617 
738 1068 12 15 0.022256292 
1071 950 8 11 0.022169875 
86 765 10 12 0.022083305 
214 451 12 13 0.02206984 
82 558 8 10 0.022016037 
73 853 9 12 0.021971025 
63 829 9 10 0.021886002 
455 550 125 103 0.021861793 
1083 1135 8 11 0.021648949 
1062 1173 9 12 0.02153462 
45 790 10 12 0.021510564 
66 678 9 12 0.021447198 
48 845 9 11 0.021383826 
4 915 13 16 0.02130691 
985 952 9 11 0.02118496 
998 952 8 9 0.021002686 
936 966 10 11 0.020942144 
72 797 8 10 0.020939544 
622 982 10 12 0.020867014 
86 998 12 14 0.020857079 
101 772 10 14 0.020453874 
0 630 9 13 0.020453006 
