eca208bcd6cba277ea2b77c594c6cb9a_image2
21
234 196 165 223 0.99826753 
722 758 19 22 0.076808244 
831 210 11 14 0.07160451 
676 209 11 14 0.04130248 
726 208 9 12 0.03687935 
675 757 18 20 0.035914823 
703 207 9 12 0.035767756 
697 207 9 12 0.03443555 
857 214 8 11 0.032629456 
812 774 25 30 0.029733285 
766 212 10 12 0.027148055 
680 279 10 13 0.026494643 
805 207 11 13 0.026256178 
132 153 350 468 0.023610724 
703 133 9 11 0.022063386 
727 138 11 14 0.021793578 
710 142 9 11 0.021526558 
720 211 11 14 0.021376008 
-46 522 464 507 0.0206637 
733 213 10 12 0.020565318 
760 205 10 13 0.020504715 
