ed502604a65ed419907e95afda1a8714_image2
31
270 331 122 153 0.99161255 
589 799 13 16 0.4355929 
611 879 15 17 0.17302172 
620 813 17 19 0.13757473 
668 805 22 27 0.12157959 
674 800 15 21 0.10445818 
741 800 15 18 0.096735984 
523 890 17 18 0.059214607 
553 812 17 21 0.05902146 
747 798 13 16 0.055012506 
623 802 16 19 0.051634703 
582 802 16 18 0.044638738 
359 885 27 26 0.04264284 
555 801 16 18 0.042421255 
123 106 35 47 0.0383084 
133 94 38 43 0.03496074 
616 817 15 19 0.03465519 
86 -34 444 475 0.03296411 
516 814 17 20 0.0322964 
79 354 483 411 0.029912993 
372 883 23 27 0.029786618 
124 114 18 27 0.028286038 
736 797 11 15 0.02667482 
350 884 25 31 0.026542632 
752 648 8 10 0.026296439 
603 178 13 16 0.025911616 
169 115 40 46 0.025873242 
619 893 16 18 0.024982974 
675 884 25 27 0.024511734 
145 111 41 45 0.023855075 
612 888 17 19 0.022707291 
