edc5ea23732ee6769c1a7472e13aadf9_image2
39
353 591 152 186 0.6169992 
1359 1055 29 37 0.48263344 
989 506 17 19 0.2859223 
414 248 32 49 0.2229997 
1262 1055 26 30 0.20722835 
1046 956 455 378 0.16495758 
873 1065 23 27 0.14874779 
1212 1058 21 26 0.11752857 
969 557 18 22 0.11401503 
886 362 23 25 0.100255124 
1082 475 13 17 0.09528569 
1292 363 22 28 0.09079361 
1362 1053 18 20 0.077320755 
699 947 486 368 0.07242938 
1025 362 23 26 0.0684185 
775 348 35 32 0.062493525 
929 1054 18 23 0.060068637 
1413 555 23 26 0.05833205 
1249 361 16 21 0.05622926 
823 362 19 21 0.047851656 
1469 867 14 18 0.047355715 
1147 1054 17 22 0.04459855 
733 555 20 24 0.043531418 
1128 362 19 23 0.037898798 
993 1063 25 31 0.03283558 
1267 1149 16 18 0.03140847 
1262 634 16 18 0.03021864 
1584 763 10 13 0.029571045 
434 272 54 71 0.029198295 
736 474 14 17 0.027542707 
233 979 375 464 0.02626863 
1142 1058 16 20 0.026018213 
1574 773 9 11 0.025825933 
1168 1065 223 247 0.025492178 
364 1019 418 482 0.024111958 
1159 348 26 31 0.024095211 
1101 473 14 18 0.022868585 
1116 280 13 16 0.021488817 
1099 1056 16 20 0.020362906 
