ee0f8ec98c92949ca5a471e7b474c65a_image2
20
371 418 212 277 0.9998248 
1104 67 25 27 0.19702777 
978 80 18 19 0.0828102 
974 416 14 17 0.08052289 
411 77 89 112 0.07684649 
380 888 492 519 0.055845138 
915 530 17 17 0.054921377 
727 917 408 464 0.04883591 
561 9 411 538 0.042998742 
1044 528 17 17 0.04086694 
1118 355 17 21 0.036758576 
127 770 523 428 0.035849318 
953 357 16 20 0.027762901 
1046 55 26 28 0.026884208 
999 73 16 19 0.026415946 
934 1172 13 17 0.02395739 
1057 66 19 23 0.022534383 
1128 267 16 19 0.021998188 
439 95 41 39 0.021696864 
955 57 27 26 0.021615937 
