ee12f63b678bfe898fae1fbe4c20371a_image2
23
166 316 202 303 0.24026242 
547 238 12 15 0.08348047 
522 178 13 15 0.06786385 
672 237 9 13 0.05787052 
678 669 13 17 0.04628827 
302 603 361 510 0.04322618 
736 669 12 14 0.038161226 
346 853 41 36 0.033571776 
378 710 215 297 0.03180349 
512 746 210 272 0.03080459 
633 465 9 10 0.028055843 
394 451 49 75 0.026897023 
557 672 16 18 0.024451049 
638 182 9 10 0.024110673 
636 672 15 18 0.024076866 
525 447 102 127 0.02391664 
460 797 135 146 0.022996379 
597 179 10 12 0.022325644 
713 470 10 11 0.022245554 
329 411 13 17 0.021933774 
679 665 11 13 0.021496618 
616 175 10 12 0.020876896 
738 673 14 19 0.020185513 
