f013e3fe386e9e4ae391f12883503372_image2
38
215 341 132 177 0.99966776 
378 571 53 71 0.11700902 
1267 616 14 17 0.08805843 
710 170 16 16 0.06517689 
490 274 55 71 0.051093373 
208 582 376 439 0.042510618 
1265 638 10 12 0.04144581 
1241 607 8 10 0.040797267 
1241 652 11 14 0.036894947 
1177 638 9 11 0.035176367 
1248 620 11 13 0.032730497 
1226 659 13 15 0.031385724 
1243 646 12 15 0.030791206 
1245 636 10 13 0.028774805 
1268 709 12 15 0.027347112 
795 167 14 15 0.026538013 
891 163 13 15 0.026077168 
1230 614 9 10 0.025300367 
1230 638 10 12 0.025290731 
212 102 18 26 0.02507006 
1191 618 11 14 0.024788683 
1251 614 11 13 0.024711056 
1176 633 9 10 0.022979662 
1322 612 10 13 0.022973346 
133 -63 485 480 0.022714244 
1208 639 9 11 0.022614049 
1191 628 10 12 0.022522967 
1241 600 8 10 0.02246727 
1215 622 10 13 0.022021355 
1279 597 10 12 0.02165706 
822 163 13 15 0.02145372 
1215 686 8 10 0.021160085 
1304 669 12 12 0.021087736 
1240 679 9 10 0.020865893 
294 778 170 148 0.020848386 
1269 646 11 12 0.020422257 
1279 647 10 11 0.020338973 
1246 630 11 14 0.020173568 
