f07b2e6e01f2048bd4c3bb707b114b9c_image2
38
96 297 153 194 0.98557764 
658 40 30 37 0.11062021 
1054 558 12 14 0.104645416 
1063 575 9 11 0.0955761 
740 57 12 16 0.06872408 
1055 542 9 10 0.06475176 
1041 527 9 11 0.05118488 
1039 549 9 12 0.044131104 
1055 574 9 11 0.04239347 
1055 551 11 13 0.03889427 
1016 526 9 12 0.03455708 
1147 509 10 12 0.034019243 
1055 526 10 12 0.033970386 
1028 540 10 12 0.033925004 
1041 532 9 11 0.03324276 
1047 575 9 11 0.03290404 
1023 552 10 13 0.032081448 
1039 543 9 12 0.032033864 
1032 510 9 10 0.030810602 
1053 583 9 11 0.030409707 
1060 558 11 13 0.028526993 
1056 534 9 12 0.028204998 
147 137 55 61 0.027930856 
1021 525 10 12 0.025494771 
1071 547 9 13 0.025355546 
144 0 48 53 0.0249135 
540 117 16 19 0.024537474 
1037 556 10 13 0.024519438 
1074 518 8 10 0.024465071 
1024 573 10 13 0.024145618 
1165 509 10 12 0.023214996 
62 301 99 175 0.022352768 
1039 517 9 11 0.022322912 
1126 320 10 12 0.022014031 
1024 535 11 13 0.022000246 
131 21 47 58 0.020731654 
1038 565 10 12 0.020386448 
1049 564 11 13 0.02017253 
