f21e69590083ea31c62aecfe65508f40_image2
77
107 271 130 146 0.99852645 
996 396 10 12 0.071983084 
1007 397 9 12 0.053040564 
984 350 8 10 0.052440356 
445 130 15 15 0.05227184 
508 72 11 14 0.05139075 
969 407 8 10 0.050349962 
909 344 9 11 0.049255684 
1002 419 12 13 0.049207754 
886 364 10 12 0.0471156 
911 349 8 10 0.044025432 
929 334 8 11 0.044021763 
927 358 8 10 0.04238486 
561 73 10 13 0.04144061 
960 400 7 10 0.041029792 
1015 407 9 10 0.040614847 
984 391 7 9 0.04026303 
541 129 15 16 0.040159848 
985 375 7 9 0.037880972 
927 340 9 11 0.037708383 
959 357 8 10 0.03657101 
960 374 8 10 0.03633564 
960 368 7 9 0.035516452 
973 374 8 11 0.03404821 
974 407 8 10 0.033894807 
1016 383 8 10 0.033417996 
968 375 9 10 0.0330054 
993 392 10 11 0.03243461 
986 383 7 9 0.03227045 
1008 405 9 11 0.031773165 
1017 390 9 12 0.0309103 
926 351 9 11 0.03072414 
905 349 9 11 0.0297927 
961 405 8 10 0.029486516 
945 344 7 8 0.029387284 
990 384 9 10 0.028438274 
1008 375 8 11 0.028423823 
975 368 8 9 0.028301878 
999 384 9 9 0.028126763 
1019 413 9 13 0.028121054 
975 399 7 9 0.027930452 
953 375 7 10 0.027653925 
983 366 7 9 0.027008949 
961 423 8 11 0.026985414 
888 384 8 9 0.026760276 
904 379 9 12 0.026667193 
944 360 8 10 0.026584852 
1007 381 9 11 0.026383448 
976 392 7 10 0.026181526 
953 400 8 9 0.026057178 
909 365 10 12 0.025780255 
919 359 8 11 0.02549014 
976 345 8 9 0.02531174 
936 406 7 9 0.025023375 
1014 397 9 12 0.024509972 
976 350 8 10 0.024435364 
992 365 7 10 0.024386328 
882 334 8 10 0.02410779 
983 359 9 10 0.023806112 
953 358 8 9 0.023756607 
968 368 8 9 0.023596253 
952 368 7 9 0.023533307 
1000 416 11 12 0.023287324 
969 414 8 9 0.023096014 
999 360 8 10 0.022611944 
716 115 21 27 0.022491215 
921 344 7 10 0.022168916 
1023 390 9 13 0.022112422 
1018 438 9 10 0.022012014 
1005 430 10 11 0.021641549 
984 346 8 9 0.021507364 
968 392 7 9 0.021376185 
1015 374 8 10 0.021273585 
919 350 9 11 0.021170037 
928 444 9 10 0.020587737 
983 399 8 10 0.020470152 
992 360 8 10 0.020199418 
