f3e9a004eb0c6a71ba21ac00c1bf6724_image2
26
249 368 223 276 0.9993561 
847 411 24 29 0.46750355 
1016 944 33 38 0.39474615 
799 238 21 29 0.21287127 
76 510 361 477 0.18122652 
818 336 21 26 0.09022339 
794 342 14 20 0.08206589 
978 421 23 28 0.07581592 
1023 1116 48 58 0.05172914 
1027 1123 26 31 0.048547845 
963 944 28 32 0.045504324 
794 412 27 31 0.044864923 
904 336 20 22 0.043634333 
948 345 14 20 0.040981524 
670 245 28 32 0.03226083 
756 258 16 19 0.031221922 
637 944 52 47 0.030610437 
968 939 18 19 0.027575001 
933 422 20 25 0.026375439 
976 346 18 20 0.025958335 
956 950 50 48 0.025816938 
221 428 134 190 0.025047021 
758 343 13 18 0.024364945 
899 952 36 38 0.024060778 
721 264 15 18 0.0221186 
332 750 112 100 0.02015493 
