f4a6b3b64e3ce9827549d3f8e33ac670_image2
47
212 375 101 118 0.9997633 
515 273 33 48 0.11909496 
1014 436 9 12 0.05526074 
996 422 10 11 0.038115393 
997 499 11 12 0.03566001 
928 470 9 10 0.03430749 
985 437 8 11 0.03310879 
989 437 9 11 0.031360973 
524 716 22 29 0.030080145 
1031 436 9 9 0.029988114 
1009 431 10 13 0.029754065 
578 720 15 20 0.029195568 
960 449 8 9 0.028619291 
1025 566 8 9 0.028586738 
1021 552 8 10 0.028112238 
1022 416 8 10 0.027701868 
969 432 8 9 0.027668826 
1003 579 12 14 0.027005984 
736 720 12 16 0.026723767 
967 448 8 9 0.026391324 
582 712 10 12 0.02566736 
1006 479 10 11 0.025159264 
990 480 8 10 0.024592068 
983 536 10 11 0.024246829 
944 416 9 10 0.024071336 
946 432 8 10 0.023967355 
1005 461 9 11 0.023353104 
982 479 9 10 0.023222156 
598 338 13 16 0.023182455 
981 421 9 10 0.022788016 
927 431 8 10 0.022745756 
935 420 9 10 0.02241943 
1022 558 9 11 0.021954987 
951 472 8 10 0.021728184 
983 431 8 9 0.02151725 
1020 445 10 12 0.02146749 
1006 455 10 12 0.021043628 
1001 479 9 11 0.021017998 
721 717 13 14 0.020899307 
1014 453 9 11 0.020856885 
523 277 16 20 0.020750491 
761 126 10 11 0.020540552 
945 439 8 9 0.020484637 
887 720 13 17 0.02047659 
944 471 9 10 0.020219529 
951 414 9 11 0.020211933 
976 472 8 10 0.020105084 
