f5551f0a3d7a665be1d367dc389bf078_image2
18
91 187 105 138 0.9999138 
563 44 18 22 0.17210743 
402 41 18 25 0.14845124 
600 45 16 20 0.11319773 
112 53 46 54 0.082464226 
440 45 16 20 0.049403813 
441 628 25 33 0.0493927 
749 24 27 31 0.041829485 
469 43 18 24 0.035413258 
535 45 17 21 0.032389596 
839 418 14 15 0.028807217 
711 316 384 484 0.026089687 
878 391 9 11 0.02574399 
909 421 9 12 0.02463955 
859 381 10 13 0.024009522 
930 366 8 10 0.023697473 
973 422 10 11 0.020817716 
936 407 8 9 0.020277146 
