f6482bb36db1476461860cb426253572_image2
46
130 256 105 137 0.9998375 
792 287 8 10 0.083643 
781 300 9 11 0.056528933 
742 289 7 9 0.052506182 
753 342 9 10 0.046618175 
395 114 14 18 0.044752836 
738 288 8 10 0.039232116 
801 295 9 11 0.03909441 
766 293 7 10 0.036936093 
880 446 8 9 0.03692651 
686 602 23 27 0.0359168 
725 318 8 10 0.034773417 
769 313 7 9 0.03431908 
552 582 10 12 0.034176067 
768 319 7 9 0.0328734 
850 288 6 9 0.032719325 
608 604 13 16 0.031504545 
753 301 8 10 0.030668749 
727 360 9 10 0.030635785 
833 288 8 9 0.030489724 
902 430 8 9 0.028357843 
856 343 8 10 0.028116375 
743 320 8 9 0.026742028 
846 343 8 10 0.025741663 
763 288 7 9 0.024775436 
778 296 8 10 0.02441503 
903 399 8 10 0.02440845 
773 349 8 11 0.024336427 
737 352 7 9 0.023476077 
744 364 9 10 0.023185346 
737 326 7 9 0.023139782 
496 499 16 20 0.023118526 
759 367 8 10 0.023101248 
824 320 8 9 0.022943707 
737 303 8 10 0.022939384 
759 320 7 9 0.022883037 
839 294 9 10 0.02281409 
744 360 8 10 0.022041678 
727 336 8 10 0.021937352 
783 365 8 10 0.021807553 
752 319 7 9 0.021468444 
351 493 15 17 0.021340705 
726 313 8 10 0.021162787 
832 327 8 10 0.021140741 
863 344 7 10 0.02108176 
838 289 9 10 0.020493608 
