f670e8691b7b79f8a0ff36f4b06139f2_image2
33
207 363 137 185 0.99884534 
661 226 14 16 0.06765879 
1046 543 8 9 0.066041656 
564 225 15 19 0.052204426 
1072 543 8 10 0.04472219 
876 489 450 521 0.03853005 
1056 544 8 9 0.038378686 
1058 535 7 8 0.03652105 
1063 544 7 8 0.035904046 
1086 558 9 10 0.031788234 
1072 549 8 9 0.031103095 
1055 552 7 8 0.03016734 
1038 527 8 9 0.030092835 
544 0 21 18 0.029191932 
1048 536 6 8 0.028332537 
1049 559 7 8 0.028296687 
1041 575 7 9 0.02747631 
1041 583 7 9 0.0265354 
1030 575 8 10 0.026041413 
1071 560 8 10 0.025849 
1030 560 9 10 0.025211446 
1055 558 7 9 0.024645586 
1046 567 8 10 0.023678236 
1080 559 8 10 0.023666631 
1048 519 7 9 0.023494061 
1072 596 10 13 0.021402637 
1112 519 9 11 0.021267915 
1086 527 7 10 0.020968579 
1072 536 8 9 0.02086116 
1071 605 9 10 0.020661676 
1104 551 9 10 0.020342043 
1039 535 7 8 0.020117939 
1111 551 8 10 0.020075887 
