f71eee828dc0a66ea034b0402ca18bd3_image2
21
112 238 171 214 0.99892163 
588 226 14 18 0.25313088 
594 81 17 20 0.07888992 
543 345 14 16 0.07311631 
745 17 14 16 0.07077225 
760 5 13 16 0.062758125 
454 721 15 18 0.039223764 
598 279 14 17 0.035296734 
648 3 23 22 0.032652244 
724 82 18 20 0.032526888 
586 220 14 17 0.03158466 
573 18 15 17 0.030362537 
653 219 12 16 0.028897805 
518 219 14 18 0.02710376 
324 897 17 17 0.026364684 
608 6 25 28 0.026027534 
595 156 14 19 0.02501489 
684 0 30 25 0.025003657 
566 2 16 16 0.023260629 
424 212 15 18 0.020692144 
748 2 14 15 0.020686822 
