f7d835d5935d7396d644402ef3296f61_image2
56
275 237 80 102 0.96409255 
118 621 10 12 0.08484675 
102 598 9 11 0.07909061 
93 630 9 11 0.043203384 
134 631 9 11 0.0409501 
148 486 10 12 0.03983367 
111 622 10 12 0.038096286 
110 432 10 11 0.037489243 
110 614 9 12 0.03739046 
119 615 10 13 0.037239607 
111 558 9 11 0.037071176 
144 439 8 10 0.03650044 
135 454 10 11 0.035862125 
113 629 9 11 0.035644326 
32 455 8 10 0.035525825 
89 559 9 11 0.034729734 
111 600 9 11 0.031527553 
143 591 9 10 0.031489234 
544 178 24 28 0.030857412 
105 437 10 13 0.030515691 
152 623 8 10 0.030159 
111 605 8 10 0.030075347 
105 615 10 12 0.029852904 
104 621 9 12 0.029111601 
105 663 8 10 0.028910605 
103 592 9 10 0.028812006 
102 567 9 11 0.028412739 
101 572 9 12 0.02627124 
94 604 9 12 0.026241992 
111 583 9 12 0.02616221 
88 663 8 10 0.026127655 
110 589 9 10 0.025453502 
71 623 10 12 0.024842447 
78 590 10 11 0.024299573 
23 446 8 10 0.0241369 
137 502 10 13 0.024096273 
118 527 9 11 0.0235968 
105 488 8 9 0.023282262 
121 590 9 11 0.023269186 
44 670 10 11 0.023114244 
135 527 10 13 0.022940757 
126 663 8 10 0.02287535 
13 455 8 10 0.022778539 
119 598 10 12 0.02256339 
93 455 9 11 0.022271592 
102 550 8 11 0.022253597 
341 240 50 73 0.02210548 
49 278 9 11 0.021918615 
144 444 8 11 0.02172377 
85 486 9 11 0.02171655 
88 302 9 11 0.02117802 
152 630 9 10 0.021157663 
54 357 10 12 0.020868823 
112 406 9 10 0.020687291 
118 343 9 11 0.020602645 
110 563 11 13 0.02000488 
