f8ae3d6bf20541e24a220aeffc60eafe_image2
18
236 335 203 255 0.99977523 
702 189 14 18 0.10570904 
540 461 208 308 0.1024334 
726 188 13 17 0.10135126 
650 190 13 15 0.08139701 
629 190 12 16 0.070227295 
725 182 13 15 0.06578102 
665 27 24 27 0.053679533 
630 294 10 13 0.049363833 
669 109 15 18 0.042349994 
569 301 13 15 0.041221134 
672 190 12 14 0.036683645 
648 301 9 12 0.036453404 
749 22 25 32 0.035795834 
613 109 15 17 0.027369378 
279 46 51 69 0.026151743 
641 675 18 20 0.02474898 
550 195 11 14 0.023749933 
