f8d299a7b396e08495850b581789e8c4_image2
25
120 250 121 152 0.9997414 
807 328 10 11 0.037582327 
775 319 8 9 0.031484537 
776 368 8 9 0.031100135 
774 375 8 10 0.029281707 
760 295 8 10 0.029139146 
791 327 9 10 0.028962467 
792 342 9 9 0.0282825 
770 376 8 9 0.027759837 
776 337 8 8 0.027625179 
768 360 8 9 0.027611911 
816 374 8 9 0.025531113 
769 319 7 9 0.023201711 
741 341 8 10 0.02305759 
753 351 8 10 0.022975693 
769 343 7 9 0.022660429 
798 391 8 10 0.022638107 
802 454 9 10 0.022417717 
758 359 8 9 0.022389654 
766 296 8 9 0.022349158 
776 398 9 10 0.021428168 
760 366 8 10 0.021278137 
782 367 9 10 0.020358095 
744 295 8 10 0.020292316 
775 341 7 9 0.020187106 
