f91fc4f82820f3bdaa8cc15a4d4042d7_image2
21
199 368 159 253 0.8522235 
810 876 15 21 0.18820192 
535 876 13 16 0.16575189 
806 880 21 28 0.15977587 
533 880 17 22 0.07615928 
638 878 9 11 0.07584922 
707 486 18 25 0.07125503 
590 880 23 28 0.06553922 
939 396 16 22 0.05758054 
184 11 36 37 0.05060824 
80 353 329 425 0.034479193 
583 883 42 53 0.032523643 
610 883 12 17 0.031252444 
702 879 42 51 0.03073469 
845 884 14 19 0.029720632 
603 882 15 21 0.028528059 
671 875 11 15 0.02717174 
646 891 28 36 0.026434477 
583 488 27 31 0.024020474 
580 885 17 24 0.022743167 
809 485 18 24 0.020546282 
