fb086575d7aec38453627df74b9ed776_image2
18
211 323 125 161 0.9998666 
785 739 17 23 0.05655308 
709 170 14 16 0.054212734 
729 170 17 20 0.043428194 
474 167 14 16 0.041711297 
1083 517 10 12 0.037336208 
495 164 16 19 0.032718208 
1047 535 9 11 0.032059796 
1065 503 7 9 0.028668081 
538 230 14 17 0.02773447 
729 762 10 13 0.026579902 
1070 528 8 9 0.026475595 
677 739 13 16 0.023237655 
1048 511 7 9 0.022531644 
260 146 14 14 0.022302981 
1048 527 8 9 0.021755433 
1098 525 9 11 0.021295471 
1085 526 9 10 0.02127305 
