fdf365db9b064b687280218b943e0f02_image2
31
178 418 151 208 0.99532145 
203 117 12 15 0.058253165 
230 113 13 16 0.043679655 
258 122 11 14 0.04081164 
1101 558 9 11 0.033585057 
1089 613 9 11 0.032362044 
638 720 20 27 0.032226827 
1078 630 9 10 0.03094913 
1112 566 8 10 0.030164208 
525 721 16 21 0.028436176 
1193 662 8 10 0.027703704 
157 844 16 18 0.027538212 
1112 550 8 10 0.02750406 
1003 844 14 17 0.027488379 
550 709 25 32 0.026310368 
1101 565 10 12 0.025951589 
971 462 460 498 0.02333539 
299 842 14 16 0.023151081 
1106 607 15 18 0.022996508 
219 90 14 15 0.022906171 
1113 34 172 226 0.02253578 
222 115 13 15 0.02162895 
1072 516 9 9 0.021616587 
236 111 10 13 0.021375705 
1128 622 10 11 0.020589007 
564 209 14 15 0.020580221 
1162 630 8 11 0.0204527 
1118 529 9 11 0.020416047 
1206 688 10 11 0.020322952 
1153 668 10 11 0.020197975 
222 108 13 15 0.020002062 
