fe88564244c85ad7ab080e7529e07b13_image2
72
322 387 193 239 0.9997799 
42 459 15 18 0.7205815 
41 389 14 17 0.46955067 
36 115 15 18 0.3804655 
104 422 14 17 0.35235506 
38 323 15 19 0.2743 
4 764 16 19 0.26062208 
97 147 14 17 0.25546658 
99 10 15 19 0.24451111 
12 828 17 21 0.23119587 
61 731 17 19 0.20244372 
97 78 14 17 0.19694284 
620 947 18 20 0.16096616 
105 491 16 18 0.15464178 
37 253 14 18 0.14814462 
109 560 16 19 0.12957457 
54 664 17 19 0.11537113 
476 0 16 13 0.111502364 
44 530 18 21 0.10572396 
67 795 16 19 0.09960177 
35 182 14 17 0.09384457 
531 21 24 27 0.08596926 
196 923 15 17 0.0859433 
1 698 12 19 0.08440998 
128 827 17 18 0.083838165 
345 1 16 14 0.081694715 
374 963 31 40 0.081418596 
51 597 16 19 0.0778745 
123 762 16 18 0.0698707 
134 892 16 17 0.065829985 
139 954 20 22 0.06292409 
745 944 18 20 0.06291172 
252 968 30 36 0.062168922 
157 455 13 16 0.05926106 
407 29 17 19 0.057029057 
286 37 14 18 0.054210566 
380 78 15 18 0.053512186 
202 988 19 20 0.05010715 
729 476 9 11 0.04892767 
16 895 19 21 0.048460644 
96 216 15 18 0.04542554 
683 979 18 20 0.044278305 
-126 464 463 515 0.041521344 
35 45 14 16 0.041315768 
37 463 24 29 0.041177336 
118 696 15 18 0.040842585 
87 990 19 21 0.040639695 
96 284 16 17 0.03991863 
70 860 17 19 0.039070398 
499 950 16 19 0.036757845 
163 13 122 132 0.036389485 
29 255 17 19 0.034811083 
55 734 25 29 0.032908816 
95 350 15 17 0.032107137 
41 396 17 21 0.030812772 
759 258 14 15 0.030214155 
0 632 10 17 0.026762772 
665 20 16 19 0.02640303 
152 458 14 17 0.025778584 
319 987 19 20 0.02570503 
438 979 23 26 0.025450232 
732 0 14 15 0.023709606 
105 430 16 20 0.023225153 
113 627 17 20 0.023211202 
68 866 23 27 0.022508645 
73 937 30 35 0.0223924 
98 493 25 30 0.022327878 
62 802 24 28 0.021452831 
41 534 26 33 0.021395918 
51 668 27 32 0.020934295 
0 693 21 30 0.020717766 
472 949 45 46 0.0201209 
