ff210b79c1b80e184953bfe6b6e31c5d_image2
24
273 395 190 258 0.9996259 
760 133 9 13 0.23934262 
1027 203 16 19 0.059871666 
297 233 54 58 0.052407183 
1353 647 9 9 0.04572165 
1332 720 9 11 0.037304167 
964 138 13 17 0.036570467 
1304 725 8 11 0.0308032 
1270 560 7 9 0.029600864 
597 366 12 15 0.029597234 
1337 678 9 11 0.027852325 
1034 10 17 18 0.025983967 
1336 735 8 10 0.024482334 
1357 715 11 13 0.023855694 
767 116 10 13 0.023564052 
741 202 17 20 0.02324132 
1260 452 10 13 0.023000117 
1311 685 9 10 0.022983067 
1326 643 10 12 0.022200227 
1359 733 9 12 0.021617254 
1217 480 9 10 0.02159479 
1271 536 8 11 0.020608462 
618 295 16 18 0.020397834 
1358 725 10 12 0.020064887 
